1.0260e-08,1.6310e-08,5.3674e-09,4.5401e-09,5.3933e-10,4.6179e-12,3.2265e-05,1.7054e-11,9.9997e-01,1.2331e-10
3.4559e-05,1.0327e-12,3.1668e-06,3.9977e-04,9.6716e-04,4.0026e-13,9.9859e-01,1.7356e-13,4.2469e-06,2.4262e-14
3.7871e-08,1.1707e-11,5.2823e-12,2.3966e-05,8.9988e-09,1.7799e-13,9.9997e-01,9.8863e-18,1.6182e-06,1.7339e-21
2.1058e-07,3.9904e-07,2.4052e-07,1.1600e-02,1.7565e-06,2.2316e-09,3.0234e-02,8.3185e-14,9.5816e-01,4.8051e-11
1.6637e-07,4.0798e-10,1.0880e-03,9.0496e-03,7.2023e-05,5.2083e-08,7.1894e-01,2.6188e-13,2.7085e-01,9.1854e-09
2.0373e-05,1.2660e-13,3.2389e-07,7.7274e-06,8.1674e-05,4.4737e-11,5.2753e-01,1.5937e-15,4.7236e-01,1.0151e-13
2.2598e-06,1.2318e-13,1.2032e-11,1.8011e-10,2.0387e-13,1.0065e-16,5.3496e-02,6.9712e-17,9.4650e-01,8.5252e-18
1.9374e-05,1.7654e-07,3.7049e-09,3.9666e-03,1.4600e-07,7.8911e-09,7.1645e-01,2.3925e-13,2.7957e-01,1.5051e-09
2.9839e-02,4.5656e-03,6.3265e-08,2.1416e-02,8.0277e-08,3.7893e-03,4.1889e-01,1.6075e-08,5.2149e-01,4.6523e-06
2.1712e-03,2.4847e-02,6.8063e-05,2.5407e-01,7.1384e-07,9.4567e-02,6.2171e-01,2.2933e-10,2.5574e-03,7.3423e-06
2.0348e-01,2.5070e-06,2.5807e-08,4.3596e-02,1.0569e-10,3.3531e-02,4.0000e-01,1.1467e-10,3.1940e-01,2.0861e-09
4.8411e-02,4.0307e-09,5.4439e-04,2.2610e-02,1.1489e-05,2.4806e-06,6.5298e-01,8.3965e-11,2.7544e-01,2.3758e-07
1.7545e-04,1.5299e-05,8.8836e-05,1.5671e-01,2.5334e-03,2.7966e-01,2.6616e-01,1.8437e-08,2.9465e-01,3.2478e-10
9.3769e-02,2.9177e-05,1.3590e-07,3.1212e-01,2.4099e-04,2.4542e-01,2.1110e-01,4.1152e-04,1.3690e-01,2.9800e-06
1.6814e-02,9.0156e-04,8.5224e-03,1.1460e-02,7.0753e-08,2.2656e-02,8.0221e-01,1.4044e-04,1.3729e-01,4.6458e-06
3.9076e-02,1.8715e-04,1.4606e-08,1.5164e-01,2.7314e-05,3.0862e-02,6.0533e-01,5.4739e-03,1.6632e-01,1.0911e-03
8.9311e-04,3.0532e-02,2.5339e-04,2.6852e-01,3.8038e-03,6.3660e-02,4.0828e-01,4.0198e-06,2.2219e-01,1.8662e-03
8.2213e-03,1.6435e-02,9.6020e-06,2.3579e-01,7.7366e-04,1.0955e-02,3.7626e-01,4.3982e-06,3.5155e-01,1.9768e-08
8.3747e-02,7.4373e-07,7.8080e-03,2.2722e-01,9.9658e-03,2.2007e-02,3.0400e-01,3.5375e-07,3.4524e-01,1.5763e-05
1.6220e-01,2.9180e-05,1.4685e-05,1.9746e-01,1.7767e-03,1.2575e-02,1.2295e-01,2.5889e-04,5.0274e-01,1.2867e-08
1.7346e-01,2.5200e-06,2.8825e-03,2.7289e-01,2.6563e-03,1.3242e-01,1.4459e-01,4.8552e-03,2.6374e-01,2.5099e-03
2.6799e-02,1.2758e-04,1.1456e-04,1.5232e-01,8.4543e-04,1.6660e-01,3.2037e-01,7.8491e-02,2.5147e-01,2.8653e-03
1.1629e-01,1.1616e-03,2.6155e-06,1.8895e-01,2.3438e-02,1.5950e-01,3.4318e-01,2.1438e-04,1.6426e-01,2.9936e-03
2.7289e-03,1.2449e-05,2.7881e-06,2.7682e-01,1.7637e-05,1.8979e-01,2.7445e-01,3.5860e-02,2.0098e-01,1.9331e-02
6.2522e-03,9.1810e-05,3.1114e-02,2.4901e-01,5.9003e-03,2.5887e-01,2.7251e-01,1.5559e-02,1.5609e-01,4.6031e-03
6.7345e-02,1.3352e-05,3.7667e-04,4.5146e-02,5.8473e-03,9.7499e-02,4.7282e-01,7.8468e-02,1.6184e-01,7.0646e-02
1.1185e-02,5.1004e-03,5.3195e-03,1.3154e-01,2.5061e-03,9.8079e-02,3.8117e-01,2.9033e-02,2.2374e-01,1.1233e-01
7.7166e-02,2.6690e-04,1.0652e-02,1.1620e-01,2.7558e-02,1.8692e-01,3.4932e-01,4.4407e-02,9.0377e-02,9.7134e-02
8.5656e-02,2.5973e-03,6.6242e-03,9.4768e-02,4.9278e-03,3.4938e-01,3.3561e-01,2.1088e-02,7.3245e-02,2.6102e-02
8.1158e-03,3.2335e-02,5.1059e-03,1.6396e-01,4.0761e-03,3.2373e-01,3.5099e-01,2.0859e-02,8.7912e-02,2.9108e-03
2.2727e-02,2.2079e-03,3.4581e-03,1.5393e-01,1.3996e-03,1.8107e-01,4.2621e-01,8.1501e-02,6.7595e-02,5.9898e-02
4.7018e-02,2.1910e-03,2.4928e-03,2.2614e-01,2.1295e-02,1.4723e-01,3.4651e-01,8.5176e-03,1.8742e-01,1.1170e-02
1.1683e-01,7.7433e-03,1.0105e-01,1.8439e-01,3.1564e-02,2.1524e-01,1.9524e-01,6.4369e-03,6.2844e-02,7.8668e-02
4.5067e-02,4.7623e-02,1.6291e-02,4.7236e-02,4.2454e-02,1.4481e-01,4.3856e-01,1.0612e-02,1.3370e-01,7.3652e-02
5.4729e-02,6.4882e-02,8.1930e-03,1.4772e-01,7.9095e-03,1.4741e-01,3.8529e-01,6.8907e-02,5.3961e-02,6.0990e-02
8.4793e-02,5.1694e-02,4.5394e-03,5.8058e-02,1.4628e-02,2.3816e-01,3.0947e-01,6.6081e-02,1.4694e-01,2.5633e-02
7.2882e-02,9.3689e-02,2.7073e-02,1.0425e-01,2.9519e-02,1.1368e-01,2.9892e-01,9.9139e-03,1.4688e-01,1.0319e-01
3.5093e-02,7.8018e-02,1.8227e-02,1.1210e-01,3.5932e-02,7.9416e-02,2.5327e-01,8.0239e-02,2.1900e-01,8.8705e-02
1.0414e-01,3.9049e-02,2.7231e-02,1.9315e-01,9.9415e-03,9.0820e-02,2.5254e-01,9.1859e-02,1.0802e-01,8.3253e-02
3.5078e-02,9.0156e-02,8.0046e-03,1.1908e-01,1.1952e-02,5.8158e-02,2.3593e-01,6.2550e-02,1.9215e-01,1.8694e-01
8.9246e-02,5.8796e-02,1.8840e-02,1.2615e-01,1.6084e-02,1.4142e-01,3.3221e-01,3.7317e-02,4.8889e-02,1.3105e-01
1.3650e-01,6.2364e-02,8.9046e-03,1.3929e-01,1.4150e-02,2.3708e-01,1.9656e-01,3.4943e-02,1.2799e-01,4.2224e-02
5.6937e-02,1.0917e-01,2.0913e-02,8.0168e-02,4.9616e-02,2.6415e-01,2.7874e-01,5.7453e-02,6.0845e-02,2.2007e-02
9.5270e-02,6.1375e-02,1.8292e-02,1.5323e-01,3.5373e-02,2.7187e-02,3.0289e-01,1.3133e-01,1.2258e-01,5.2469e-02
6.7305e-02,1.2982e-01,1.5243e-01,9.8508e-02,7.9302e-04,2.0751e-01,1.3819e-01,7.1042e-02,1.0613e-01,2.8288e-02
7.5735e-02,5.8036e-02,6.6144e-03,1.8849e-01,1.9141e-03,2.3605e-02,3.0379e-01,1.5987e-01,6.6262e-02,1.1568e-01
9.2017e-02,7.5804e-02,2.1524e-03,7.0415e-02,1.1603e-01,2.7962e-01,2.5755e-01,2.6565e-02,6.9083e-02,1.0759e-02
6.2507e-02,5.6831e-02,1.1841e-02,1.6444e-01,2.7059e-02,6.7491e-02,1.8713e-01,1.3728e-01,1.3499e-01,1.5043e-01
9.2204e-02,8.9909e-02,3.5557e-02,6.1040e-02,7.2757e-03,9.7711e-02,2.2154e-01,8.2242e-02,1.8266e-01,1.2986e-01
5.8086e-02,8.7867e-02,2.7899e-03,1.1172e-01,2.0117e-02,2.3660e-02,2.7766e-01,1.4825e-01,1.3499e-01,1.3486e-01
1.0517e-01,1.6021e-02,1.9541e-02,1.9842e-01,1.5927e-02,1.8472e-01,2.2634e-01,3.6463e-02,1.7102e-01,2.6381e-02
7.6949e-02,6.6963e-02,2.0587e-02,1.3676e-01,2.4904e-02,1.4789e-01,2.7546e-01,2.9839e-02,1.6562e-01,5.5037e-02
3.8263e-02,9.5696e-02,4.5228e-03,8.0784e-02,1.5636e-02,8.8946e-02,4.0820e-01,5.0927e-02,9.4927e-02,1.2210e-01
1.0905e-01,9.2588e-02,2.7843e-02,1.0994e-01,7.9046e-02,5.7538e-02,2.9870e-01,9.0056e-02,8.4635e-02,5.0600e-02
6.8938e-02,7.8512e-02,5.3905e-02,7.9811e-02,6.1791e-02,1.3058e-01,2.4432e-01,5.1393e-02,1.2844e-01,1.0231e-01
8.2267e-02,6.2321e-02,2.8963e-02,1.4575e-01,3.6743e-02,8.2614e-02,2.3918e-01,8.2981e-02,1.6551e-01,7.3677e-02
3.1735e-02,9.6097e-02,2.1817e-02,1.5605e-01,3.7997e-02,1.2825e-01,2.8345e-01,5.6653e-02,1.0695e-01,8.0999e-02
1.0472e-01,8.5958e-02,6.0312e-02,3.0772e-02,5.6008e-02,1.6625e-01,2.7673e-01,4.6981e-02,1.1004e-01,6.2241e-02
6.5402e-02,6.9617e-02,4.1494e-02,1.4474e-01,2.3146e-02,1.6687e-01,2.7495e-01,6.8249e-02,9.4025e-02,5.1510e-02
8.5265e-02,9.1530e-02,3.9241e-02,6.0605e-02,3.5682e-02,1.9564e-01,2.5456e-01,3.3761e-02,1.4412e-01,5.9607e-02
8.4298e-02,1.6149e-01,3.6766e-02,1.4632e-01,1.9254e-02,1.6691e-01,1.1811e-01,5.2608e-02,1.5130e-01,6.2939e-02
9.8696e-02,5.5946e-02,8.9263e-02,1.3095e-01,2.2159e-02,9.1200e-02,2.4510e-01,9.0738e-02,1.0423e-01,7.1724e-02
4.5027e-02,8.4242e-02,2.3907e-02,7.1801e-02,9.8747e-02,7.9713e-02,2.9289e-01,1.0673e-01,8.9874e-02,1.0707e-01
1.8238e-02,1.2683e-01,2.7643e-02,1.1556e-01,4.0034e-02,1.2384e-01,2.5616e-01,1.1309e-01,1.1745e-01,6.1156e-02
3.9344e-02,1.1828e-01,2.3535e-03,1.0980e-01,1.1801e-02,8.9724e-02,3.0659e-01,6.6679e-02,1.6443e-01,9.1006e-02
8.3284e-02,1.0250e-01,2.6186e-02,9.9022e-02,5.3108e-02,6.6357e-02,2.6091e-01,6.2834e-02,1.2341e-01,1.2239e-01
9.5327e-02,4.2326e-02,4.1579e-02,1.4844e-01,1.1288e-02,1.0393e-01,2.9790e-01,1.0298e-01,8.5290e-02,7.0946e-02
8.1326e-02,1.2535e-01,1.5699e-02,8.5151e-02,2.5508e-02,1.0382e-01,3.2529e-01,7.5721e-02,8.2248e-02,7.9887e-02
4.3042e-02,7.0899e-02,9.2001e-03,1.9080e-01,7.4194e-02,7.9393e-02,2.7124e-01,3.8652e-02,8.7845e-02,1.3474e-01
8.7053e-02,9.9184e-02,5.1525e-02,9.7250e-02,5.8517e-02,1.1103e-01,3.0537e-01,5.2680e-02,3.0443e-02,1.0695e-01
5.0449e-02,1.1648e-01,3.6846e-02,1.5265e-01,2.2936e-02,1.0242e-01,2.5881e-01,6.5694e-02,9.5583e-02,9.8126e-02
4.4531e-02,1.1191e-01,2.9391e-02,1.3403e-01,5.1783e-02,1.2206e-01,2.5464e-01,7.7768e-02,8.4417e-02,8.9465e-02
5.1651e-02,1.0533e-01,8.2229e-03,9.9073e-02,4.7004e-03,1.1050e-01,3.4506e-01,9.9156e-02,1.1723e-01,5.9079e-02
4.1449e-02,1.1147e-01,6.5971e-02,1.2192e-01,8.3136e-02,1.1861e-01,2.4369e-01,8.0248e-02,7.2675e-02,6.0838e-02
1.0243e-01,7.7527e-02,4.0891e-02,1.2452e-01,3.9484e-02,6.7845e-02,1.9204e-01,8.2512e-02,1.7831e-01,9.4440e-02
5.6912e-02,1.1866e-01,4.8302e-03,1.4299e-01,3.1242e-03,1.4972e-01,3.1614e-01,4.5301e-02,1.2503e-01,3.7290e-02
1.1090e-01,8.3205e-02,3.1000e-02,1.0408e-01,4.8094e-02,1.6510e-01,1.8001e-01,3.3731e-02,1.0732e-01,1.3656e-01
5.3289e-02,9.0262e-02,2.7172e-02,9.4987e-02,1.0869e-01,9.3345e-02,2.6141e-01,8.3301e-02,9.6747e-02,9.0797e-02
6.9548e-02,1.2573e-01,6.7197e-02,5.0162e-02,6.7182e-02,1.3525e-01,1.9470e-01,5.5079e-02,1.2113e-01,1.1402e-01
7.0930e-02,1.0328e-01,1.3116e-01,1.3964e-01,3.9572e-02,7.3773e-02,1.3058e-01,1.5577e-01,5.7220e-02,9.8071e-02
9.0582e-02,1.4433e-01,1.0016e-01,9.6787e-02,5.6082e-02,8.3501e-02,2.5186e-01,7.0771e-02,6.9638e-02,3.6294e-02
9.8584e-02,1.1367e-01,1.1393e-01,1.0932e-01,6.0774e-02,7.2010e-02,1.2667e-01,1.0182e-01,1.1616e-01,8.7063e-02
3.9854e-02,8.3311e-02,1.5005e-02,1.4783e-01,6.8982e-03,3.8748e-02,3.1489e-01,1.4565e-01,1.0371e-01,1.0410e-01
6.7399e-02,9.0753e-02,2.5873e-02,1.1269e-01,4.3339e-02,1.2850e-01,3.1534e-01,4.8246e-02,8.2992e-02,8.4873e-02
4.4263e-02,5.7933e-02,6.3590e-02,1.3087e-01,3.9128e-02,7.0862e-02,2.6776e-01,1.2024e-01,1.1878e-01,8.6573e-02
5.8753e-02,7.9169e-02,1.0167e-01,1.5038e-01,3.5287e-02,4.9674e-02,1.7650e-01,1.7692e-01,9.5945e-02,7.5705e-02
6.0927e-02,7.5246e-02,1.9050e-02,1.7715e-01,6.1259e-02,7.0117e-02,2.5223e-01,9.6625e-02,1.1522e-01,7.2178e-02
8.0451e-02,1.3041e-01,6.3967e-02,1.2895e-01,5.5900e-02,1.1169e-01,1.9394e-01,4.0621e-02,9.3770e-02,1.0030e-01
7.9045e-02,8.0112e-02,5.8453e-02,1.4611e-01,1.3151e-01,1.0695e-01,1.6810e-01,4.4227e-02,1.1178e-01,7.3714e-02
6.1634e-02,9.1484e-02,1.1015e-01,1.5270e-01,1.0492e-01,9.6651e-02,9.1850e-02,8.7780e-02,1.5237e-01,5.0464e-02
1.2774e-01,1.1247e-01,5.2862e-02,1.4111e-01,4.4470e-02,1.4202e-01,1.9815e-01,3.3787e-02,8.2871e-02,6.4513e-02
1.1979e-01,8.6739e-02,3.1924e-02,9.0288e-02,7.2666e-02,1.1267e-01,1.8504e-01,6.0679e-02,1.4647e-01,9.3722e-02
6.4132e-02,9.5159e-02,3.2765e-02,1.2541e-01,4.6032e-02,1.1254e-01,3.1026e-01,5.0375e-02,1.0898e-01,5.4351e-02
4.7259e-02,9.8159e-02,9.3397e-02,8.9419e-02,5.6807e-02,1.2782e-01,2.4478e-01,1.1103e-01,7.6346e-02,5.4978e-02
6.2513e-02,7.5788e-02,1.9685e-02,8.7281e-02,7.8253e-02,9.9194e-02,3.4083e-01,2.5897e-02,1.1507e-01,9.5481e-02
7.2065e-02,1.1580e-01,4.4723e-02,1.3175e-01,8.2767e-02,8.6044e-02,1.6491e-01,9.7813e-02,1.3454e-01,6.9581e-02
4.2285e-02,9.7722e-02,3.0010e-02,1.5092e-01,5.0072e-02,9.2141e-02,2.2957e-01,1.0025e-01,7.3301e-02,1.3373e-01
3.6107e-02,1.1745e-01,1.6492e-02,1.2525e-01,2.4243e-02,3.8763e-02,3.5300e-01,1.2868e-01,8.1853e-02,7.8166e-02
3.4652e-02,9.7166e-02,8.3136e-02,1.9483e-01,3.0566e-02,1.1000e-01,2.2950e-01,9.6005e-02,5.6289e-02,6.7857e-02
6.5883e-02,7.5631e-02,5.5747e-02,1.4740e-01,4.9320e-02,5.3504e-02,2.5939e-01,8.2960e-02,8.3495e-02,1.2668e-01
8.3191e-02,1.2956e-01,6.2663e-02,1.1455e-01,6.0555e-02,9.7925e-02,1.7068e-01,7.1162e-02,1.1895e-01,9.0757e-02
7.4170e-02,7.9516e-02,1.4424e-01,1.2755e-01,9.7127e-02,7.6223e-02,1.5200e-01,7.2633e-02,5.6440e-02,1.2010e-01
5.6158e-02,5.0530e-02,4.8948e-02,2.1916e-01,8.8187e-02,7.1511e-02,1.6543e-01,1.3142e-01,8.5393e-02,8.3269e-02
5.7501e-02,5.0856e-02,7.6445e-02,1.9811e-01,1.1493e-01,1.3309e-01,1.2685e-01,7.7980e-02,9.4355e-02,6.9875e-02
8.0066e-02,9.4370e-02,3.0720e-02,1.5901e-01,2.4124e-02,8.3098e-02,2.7181e-01,6.7701e-02,1.0069e-01,8.8412e-02
7.4096e-02,6.5754e-02,6.4647e-02,1.1590e-01,4.2272e-02,1.1092e-01,2.1180e-01,1.0167e-01,8.6570e-02,1.2637e-01
8.2723e-02,7.7777e-02,3.0075e-02,1.7050e-01,9.0449e-02,5.7503e-02,1.8364e-01,9.7169e-02,1.4904e-01,6.1127e-02
9.5372e-02,8.7331e-02,4.7767e-02,1.7639e-01,1.1883e-01,9.6249e-02,1.2404e-01,9.1390e-02,8.8620e-02,7.4001e-02
1.2611e-01,1.0677e-01,5.9242e-02,8.6239e-02,3.3673e-02,1.1208e-01,1.9835e-01,7.4140e-02,8.1344e-02,1.2205e-01
1.0966e-01,1.0535e-01,8.4961e-02,9.2437e-02,8.6173e-02,1.2608e-01,1.2806e-01,5.3841e-02,8.9619e-02,1.2382e-01
4.5048e-02,1.1514e-01,3.2707e-02,1.5396e-01,2.7983e-02,1.1867e-01,2.6774e-01,8.2474e-02,1.0603e-01,5.0246e-02
6.5636e-02,1.0613e-01,1.0898e-01,1.7336e-01,5.9059e-02,6.1267e-02,1.8908e-01,9.1043e-02,6.1467e-02,8.3973e-02
9.9961e-02,1.1161e-01,6.9471e-02,9.2209e-02,4.3158e-02,8.0476e-02,2.4258e-01,7.5252e-02,9.7999e-02,8.7287e-02
5.5845e-02,9.6491e-02,3.7236e-02,5.1870e-02,7.5654e-02,8.9149e-02,2.9959e-01,1.4666e-01,8.7953e-02,5.9549e-02
4.3375e-02,7.5906e-02,7.2369e-02,2.0258e-01,6.1939e-02,4.6799e-02,2.1057e-01,8.3988e-02,1.0293e-01,9.9546e-02
8.4146e-02,1.1100e-01,3.9117e-02,1.1442e-01,6.2746e-02,1.7182e-01,2.2658e-01,1.5837e-02,1.3301e-01,4.1320e-02
4.5531e-02,1.2803e-01,4.8975e-02,7.2628e-02,1.0359e-01,5.3611e-02,2.9119e-01,1.1978e-01,6.8050e-02,6.8615e-02
1.1724e-01,8.4154e-02,3.9477e-02,1.2564e-01,1.0334e-01,1.3317e-01,1.3257e-01,8.7876e-02,9.6184e-02,8.0351e-02
6.6959e-02,9.1133e-02,3.7631e-02,1.2396e-01,1.3780e-01,1.0213e-01,1.4709e-01,8.5281e-02,1.0226e-01,1.0577e-01
7.4352e-02,1.0645e-01,1.3461e-01,1.3512e-01,6.3327e-02,7.4411e-02,1.6346e-01,8.9831e-02,9.7256e-02,6.1182e-02
6.4826e-02,5.9307e-02,6.6454e-02,1.2003e-01,8.4336e-02,6.6154e-02,2.4319e-01,9.4470e-02,8.8163e-02,1.1308e-01
6.0705e-02,1.0860e-01,5.8760e-02,1.3110e-01,4.4048e-02,1.1770e-01,2.0961e-01,6.9603e-02,9.0923e-02,1.0896e-01
1.0540e-01,6.7743e-02,6.2563e-02,1.2838e-01,8.8508e-02,8.3940e-02,1.5257e-01,9.1051e-02,9.7615e-02,1.2223e-01
7.5229e-02,1.3270e-01,7.9994e-02,9.4153e-02,6.8390e-02,6.4794e-02,1.2424e-01,1.6612e-01,9.6810e-02,9.7572e-02
9.4049e-02,1.0576e-01,4.9916e-02,1.1710e-01,3.3140e-02,8.8279e-02,1.9065e-01,1.5443e-01,6.9582e-02,9.7101e-02
9.9164e-02,8.8189e-02,8.9102e-02,1.3999e-01,1.0769e-01,9.0480e-02,1.4112e-01,7.5481e-02,9.0007e-02,7.8771e-02
8.9538e-02,8.5950e-02,9.7333e-02,1.2698e-01,1.5996e-01,7.9645e-02,8.0936e-02,9.9428e-02,8.6203e-02,9.4028e-02
8.1113e-02,1.1699e-01,7.2135e-02,1.1865e-01,8.2533e-02,1.1243e-01,1.9085e-01,6.5099e-02,8.4223e-02,7.5980e-02
8.6449e-02,9.9161e-02,5.1099e-02,1.2316e-01,5.8220e-02,1.6175e-01,1.6814e-01,8.2460e-02,1.0878e-01,6.0782e-02
9.6133e-02,8.0982e-02,9.2372e-02,1.3716e-01,7.3824e-02,7.0217e-02,1.0213e-01,1.5341e-01,9.2922e-02,1.0085e-01
5.2411e-02,1.1441e-01,4.6357e-02,8.1818e-02,6.6107e-02,6.4791e-02,1.9833e-01,1.3901e-01,1.6033e-01,7.6428e-02
6.1611e-02,1.0649e-01,7.2999e-02,1.4544e-01,6.0980e-02,6.1553e-02,1.7710e-01,1.1951e-01,8.4516e-02,1.0979e-01
5.4560e-02,8.0730e-02,4.2480e-02,1.3840e-01,8.9704e-02,1.3690e-01,2.2194e-01,3.0354e-02,7.4589e-02,1.3034e-01
6.8750e-02,8.7290e-02,6.0504e-02,9.9611e-02,4.4968e-02,1.0684e-01,2.2796e-01,9.9537e-02,8.0605e-02,1.2394e-01
5.8706e-02,8.4212e-02,2.7887e-02,1.5683e-01,4.5722e-02,7.1488e-02,2.7524e-01,1.5466e-01,6.0787e-02,6.4468e-02
5.7433e-02,8.6290e-02,4.3874e-02,1.3054e-01,1.3541e-01,4.8347e-02,2.0770e-01,8.4081e-02,8.5031e-02,1.2129e-01
8.2367e-02,1.1722e-01,5.7522e-02,7.5575e-02,1.0784e-01,1.2056e-01,1.6857e-01,6.3732e-02,1.2470e-01,8.1907e-02
7.1512e-02,6.2170e-02,9.3445e-02,1.0575e-01,7.7983e-02,7.0784e-02,1.9635e-01,1.1848e-01,9.1102e-02,1.1243e-01
5.4420e-02,8.9764e-02,4.3295e-02,1.3452e-01,4.3930e-02,6.3450e-02,2.5852e-01,1.5319e-01,8.1851e-02,7.7056e-02
9.0218e-02,1.2744e-01,3.0125e-02,1.2716e-01,6.1499e-02,7.9081e-02,2.3580e-01,5.3259e-02,1.0284e-01,9.2576e-02
9.8039e-02,7.5006e-02,5.0216e-02,1.5297e-01,8.1822e-02,2.7769e-02,1.8873e-01,1.2468e-01,1.0315e-01,9.7618e-02
7.3333e-02,8.0586e-02,2.7699e-02,1.5488e-01,1.3155e-01,5.7197e-02,2.1574e-01,9.5169e-02,8.2945e-02,8.0908e-02
5.3543e-02,9.2123e-02,4.0505e-02,1.8230e-01,9.8941e-02,3.8114e-02,1.3603e-01,1.4422e-01,1.2810e-01,8.6124e-02
8.6677e-02,9.6273e-02,4.7079e-02,9.2804e-02,6.9589e-02,4.6965e-02,2.3879e-01,9.6583e-02,1.4618e-01,7.9064e-02
7.4029e-02,9.1170e-02,4.4320e-02,1.0796e-01,9.2159e-02,8.1380e-02,2.4574e-01,8.3166e-02,8.9377e-02,9.0703e-02
7.8957e-02,9.3806e-02,4.5784e-02,9.5582e-02,7.4833e-02,8.4913e-02,2.1950e-01,1.2167e-01,1.2226e-01,6.2697e-02
7.7666e-02,1.2340e-01,8.1630e-02,1.3062e-01,6.1996e-02,8.5512e-02,2.0059e-01,1.1111e-01,7.0885e-02,5.6590e-02
7.7791e-02,1.1264e-01,7.0483e-02,8.5341e-02,6.7101e-02,6.5471e-02,1.9262e-01,1.0390e-01,1.1519e-01,1.0947e-01
5.3810e-02,1.3512e-01,9.0820e-02,1.0573e-01,5.6112e-02,7.4985e-02,2.2978e-01,8.3724e-02,1.1548e-01,5.4441e-02
1.0088e-01,8.6675e-02,3.5997e-02,1.3189e-01,1.0833e-01,8.1823e-02,2.1965e-01,7.7822e-02,9.0059e-02,6.6868e-02
7.6377e-02,7.4438e-02,4.1566e-02,1.4462e-01,6.1232e-02,3.1004e-02,2.2478e-01,8.1848e-02,1.4686e-01,1.1728e-01
9.5635e-02,1.0256e-01,8.4892e-02,9.4130e-02,7.3304e-02,1.2630e-01,1.4814e-01,8.3338e-02,9.4836e-02,9.6859e-02
6.1220e-02,1.6076e-01,4.6754e-02,1.1099e-01,1.1228e-01,6.9572e-02,2.1829e-01,4.0593e-02,8.7204e-02,9.2336e-02
6.7037e-02,1.0840e-01,5.1021e-02,1.4495e-01,9.0263e-02,1.1750e-01,1.9760e-01,4.0662e-02,1.0995e-01,7.2611e-02
1.0202e-01,9.7539e-02,8.4247e-02,1.0418e-01,8.9665e-02,5.3761e-02,1.7747e-01,1.1814e-01,9.1966e-02,8.1011e-02
6.5769e-02,1.1888e-01,4.7813e-02,1.5197e-01,9.0585e-02,5.9036e-02,1.6424e-01,1.0919e-01,9.6691e-02,9.5828e-02
7.6547e-02,8.9911e-02,6.5020e-02,9.4287e-02,6.2721e-02,1.0621e-01,1.7937e-01,1.2709e-01,8.2280e-02,1.1656e-01
9.7974e-02,8.4663e-02,2.5229e-02,1.5856e-01,9.7407e-02,6.2196e-02,2.1053e-01,5.7318e-02,1.1702e-01,8.9113e-02
6.0877e-02,1.0500e-01,4.8845e-02,1.3436e-01,1.1534e-01,1.0849e-01,1.5299e-01,1.2084e-01,1.1363e-01,3.9626e-02
7.9710e-02,1.1436e-01,8.0115e-02,1.1122e-01,8.9390e-02,8.3152e-02,1.6548e-01,6.1382e-02,1.2843e-01,8.6770e-02
4.7225e-02,8.1152e-02,3.8152e-02,1.0451e-01,4.0484e-02,8.8527e-02,2.5190e-01,7.6175e-02,1.3743e-01,1.3444e-01
5.6379e-02,1.0902e-01,5.6368e-02,1.3956e-01,6.9657e-02,8.9854e-02,1.9980e-01,4.1058e-02,9.0357e-02,1.4794e-01
6.0129e-02,1.0233e-01,5.3134e-02,1.2242e-01,4.6371e-02,1.0643e-01,2.0977e-01,8.3001e-02,1.3812e-01,7.8289e-02
6.1559e-02,9.5664e-02,1.0203e-01,1.5264e-01,6.9760e-02,6.2480e-02,1.8549e-01,7.4296e-02,1.1455e-01,8.1536e-02
3.9023e-02,9.1950e-02,1.1132e-01,1.2250e-01,8.7456e-02,1.1332e-01,2.0081e-01,6.0947e-02,1.0616e-01,6.6508e-02
9.7784e-02,1.3116e-01,1.1107e-01,1.3951e-01,5.5539e-02,1.5057e-02,1.4533e-01,1.1985e-01,1.1562e-01,6.9074e-02
1.0215e-01,9.8970e-02,8.7055e-02,9.9384e-02,1.2250e-01,1.1166e-01,1.5695e-01,4.9276e-02,6.7539e-02,1.0452e-01
6.6313e-02,8.8017e-02,6.6764e-02,1.0977e-01,6.9215e-02,8.4992e-02,2.3055e-01,7.0859e-02,1.4822e-01,6.5290e-02
6.3730e-02,9.9759e-02,1.0609e-01,1.3367e-01,5.4132e-02,8.1780e-02,1.6417e-01,6.4858e-02,1.3677e-01,9.5036e-02
9.2419e-02,7.7545e-02,7.3964e-02,1.5458e-01,7.3209e-02,8.3171e-02,2.3504e-01,7.8554e-02,7.7371e-02,5.4147e-02
1.1019e-01,9.2588e-02,4.9102e-02,9.9385e-02,1.2685e-01,5.7247e-02,1.5222e-01,9.0211e-02,9.7289e-02,1.2491e-01
8.0783e-02,1.0389e-01,5.7922e-02,7.3000e-02,8.6308e-02,4.1713e-02,2.1521e-01,9.7276e-02,1.3914e-01,1.0476e-01
4.2946e-02,1.0450e-01,1.2242e-01,8.3249e-02,1.1470e-01,3.8027e-02,1.9184e-01,1.2439e-01,9.4630e-02,8.3297e-02
9.0576e-02,8.7413e-02,6.7265e-02,7.7330e-02,9.2385e-02,8.1826e-02,1.9963e-01,6.2218e-02,1.2598e-01,1.1538e-01
7.8509e-02,8.6980e-02,8.4101e-02,1.1715e-01,9.1977e-02,1.0538e-01,1.6567e-01,7.5012e-02,1.2439e-01,7.0824e-02
6.1027e-02,7.8955e-02,4.6615e-02,1.2832e-01,1.2342e-01,6.3706e-02,2.0112e-01,1.4464e-01,1.1154e-01,4.0653e-02
4.9990e-02,1.2381e-01,8.2824e-02,1.5655e-01,2.8251e-02,1.1217e-01,1.8106e-01,1.1727e-01,8.8108e-02,5.9966e-02
1.0106e-01,1.0999e-01,8.5275e-02,1.2379e-01,8.4506e-02,1.0520e-01,1.5295e-01,7.2175e-02,1.0452e-01,6.0538e-02
7.5052e-02,1.1652e-01,6.4832e-02,1.1000e-01,5.9452e-02,9.5618e-02,2.0329e-01,7.1274e-02,9.8116e-02,1.0585e-01
6.7517e-02,1.1706e-01,6.0904e-02,9.6341e-02,8.8862e-02,8.7433e-02,2.2703e-01,6.2795e-02,9.4067e-02,9.7988e-02
4.9372e-02,1.0046e-01,6.7319e-02,2.2709e-01,2.7473e-02,7.1067e-02,1.9749e-01,1.1369e-01,8.7889e-02,5.8146e-02
9.4774e-02,6.9290e-02,7.5860e-02,1.2022e-01,4.0219e-02,1.1292e-01,2.0550e-01,1.2434e-01,6.9847e-02,8.7036e-02
7.8680e-02,1.0996e-01,2.7386e-02,9.2134e-02,6.5860e-02,8.1725e-02,2.9348e-01,6.1893e-02,8.4072e-02,1.0480e-01
1.3602e-01,1.0302e-01,8.9291e-02,1.4425e-01,4.8008e-02,7.8332e-02,1.8350e-01,1.0056e-01,6.8393e-02,4.8629e-02
1.1261e-01,7.8278e-02,1.1779e-01,9.5030e-02,8.3402e-02,9.9604e-02,1.4626e-01,6.6026e-02,1.0993e-01,9.1070e-02
1.0091e-01,1.0755e-01,7.6665e-02,1.0865e-01,7.9816e-02,1.0547e-01,1.5550e-01,6.0756e-02,9.4285e-02,1.1041e-01
8.4274e-02,9.1094e-02,9.6577e-02,1.3257e-01,5.7597e-02,4.6889e-02,1.6829e-01,1.3327e-01,1.2466e-01,6.4784e-02
9.6291e-02,7.6359e-02,4.0478e-02,1.5807e-01,2.4759e-02,1.6090e-01,1.5945e-01,9.3262e-02,1.1237e-01,7.8057e-02
1.1367e-01,1.3887e-01,7.4904e-02,8.1805e-02,7.0758e-02,6.9820e-02,1.4088e-01,1.1314e-01,1.5187e-01,4.4283e-02
1.2174e-01,9.3626e-02,1.0273e-01,1.6311e-01,4.6567e-02,6.7245e-02,1.2006e-01,1.0659e-01,7.7594e-02,1.0073e-01
8.8484e-02,7.1978e-02,1.0907e-01,1.5908e-01,4.9386e-02,9.3031e-02,1.4690e-01,7.7436e-02,8.8463e-02,1.1617e-01
6.2659e-02,1.1107e-01,1.1262e-01,1.2166e-01,7.3401e-02,1.1748e-01,1.5703e-01,6.6471e-02,8.2111e-02,9.5493e-02
1.0268e-01,9.4263e-02,5.5898e-02,8.9648e-02,7.2270e-02,5.3409e-02,2.2712e-01,8.7945e-02,1.1260e-01,1.0417e-01
1.2717e-01,1.1170e-01,8.1088e-02,1.2069e-01,9.1219e-02,6.5154e-02,1.3299e-01,1.3079e-01,6.2186e-02,7.7006e-02
7.4864e-02,1.2148e-01,4.7964e-02,9.8446e-02,7.8314e-02,9.2356e-02,2.1858e-01,7.9029e-02,8.4813e-02,1.0415e-01
6.0865e-02,1.1901e-01,3.7499e-02,1.3909e-01,6.5250e-02,1.1929e-01,1.9899e-01,6.9501e-02,1.0341e-01,8.7090e-02
1.1788e-01,8.9143e-02,3.9982e-02,1.6637e-01,4.4839e-02,2.2129e-02,2.2203e-01,1.4872e-01,6.1541e-02,8.7369e-02
6.2589e-02,1.2621e-01,5.2200e-02,1.1908e-01,6.5463e-02,9.2794e-02,1.9877e-01,8.2752e-02,1.0523e-01,9.4903e-02
4.0458e-02,1.2446e-01,6.4111e-02,1.0524e-01,5.9608e-02,5.8038e-02,2.3393e-01,7.3890e-02,1.1380e-01,1.2646e-01
8.7444e-02,1.2257e-01,5.0367e-02,1.4595e-01,9.7110e-02,6.5900e-02,1.7029e-01,6.2929e-02,8.1334e-02,1.1612e-01
1.2738e-01,7.7480e-02,1.0096e-01,1.1990e-01,8.4111e-02,8.4639e-02,1.3880e-01,6.1890e-02,8.6582e-02,1.1826e-01
5.6608e-02,1.0632e-01,4.1617e-02,1.1725e-01,9.4524e-02,7.7853e-02,1.7169e-01,1.0144e-01,1.3956e-01,9.3136e-02
6.9337e-02,9.5606e-02,7.2160e-02,1.5374e-01,8.2194e-02,1.0995e-01,1.0955e-01,7.0859e-02,1.2359e-01,1.1300e-01
1.0284e-01,7.7432e-02,8.8149e-02,1.3170e-01,2.9314e-02,4.1697e-02,1.6921e-01,1.0261e-01,1.0092e-01,1.5613e-01
7.3709e-02,1.0773e-01,4.4728e-02,1.3460e-01,7.4020e-02,7.6707e-02,2.3003e-01,1.1115e-01,4.5054e-02,1.0226e-01
1.0378e-01,1.4607e-01,8.2572e-02,1.4726e-01,7.1535e-02,6.6260e-02,1.1095e-01,5.4900e-02,9.9858e-02,1.1682e-01
1.1990e-01,6.7743e-02,9.3866e-02,9.8967e-02,6.3037e-02,5.3638e-02,1.5734e-01,1.6416e-01,9.8155e-02,8.3204e-02
7.6378e-02,9.3669e-02,8.5937e-02,1.2703e-01,2.7482e-02,8.3898e-02,1.7037e-01,7.1037e-02,1.0184e-01,1.6237e-01
7.4392e-02,7.0755e-02,3.1280e-02,1.1862e-01,7.3446e-02,8.4494e-02,2.4534e-01,9.5247e-02,9.6924e-02,1.0951e-01
7.4738e-02,1.2029e-01,1.1091e-01,1.3036e-01,5.0702e-02,7.2823e-02,1.7221e-01,9.2359e-02,8.4235e-02,9.1365e-02
1.0311e-01,1.0152e-01,6.3285e-02,9.5505e-02,1.2093e-01,5.8402e-02,1.5841e-01,8.9756e-02,1.0746e-01,1.0163e-01
8.6972e-02,1.0014e-01,1.1950e-01,1.0742e-01,6.9408e-02,1.1220e-01,1.6873e-01,6.3774e-02,9.4493e-02,7.7371e-02
7.6393e-02,7.8938e-02,9.9403e-02,9.6275e-02,9.0558e-02,9.2077e-02,1.8337e-01,7.8862e-02,1.2624e-01,7.7880e-02
9.0765e-02,6.8390e-02,8.1125e-02,1.5469e-01,5.5555e-02,1.2162e-01,1.6020e-01,5.3734e-02,1.3563e-01,7.8292e-02
7.4422e-02,1.0988e-01,1.0225e-01,1.2818e-01,8.4562e-02,6.1964e-02,1.8553e-01,6.0638e-02,9.6773e-02,9.5800e-02
7.8918e-02,6.1872e-02,6.4668e-02,1.1634e-01,7.3443e-02,9.3447e-02,2.3178e-01,9.0941e-02,9.3383e-02,9.5215e-02
6.7529e-02,6.2409e-02,2.8335e-02,1.5584e-01,5.6565e-02,9.6506e-02,2.1825e-01,1.0122e-01,1.1550e-01,9.7851e-02
7.0372e-02,9.5812e-02,3.5037e-02,1.1463e-01,6.8876e-02,1.1040e-01,2.4742e-01,9.8649e-02,7.3255e-02,8.5544e-02
1.0295e-01,1.3841e-01,7.0023e-02,6.7423e-02,7.4396e-02,8.4351e-02,1.6508e-01,8.8645e-02,1.1093e-01,9.7790e-02
8.3346e-02,8.1332e-02,1.4468e-01,1.1484e-01,1.1866e-01,5.2799e-02,1.2852e-01,7.8062e-02,7.0296e-02,1.2747e-01
8.4346e-02,1.2601e-01,6.1601e-02,1.0822e-01,6.5102e-02,1.1003e-01,1.8943e-01,1.0550e-01,6.5731e-02,8.4032e-02
4.2364e-02,6.4292e-02,6.5151e-02,1.0749e-01,8.7282e-02,6.6988e-02,3.0885e-01,3.1970e-02,1.0207e-01,1.2354e-01
8.4944e-02,9.7625e-02,8.0721e-02,1.2892e-01,1.3207e-01,6.2351e-02,1.3828e-01,9.9126e-02,8.9741e-02,8.6226e-02
1.1249e-01,8.5438e-02,5.5168e-02,1.1587e-01,1.0386e-01,9.1998e-02,1.5097e-01,1.2222e-01,9.1987e-02,7.0003e-02
6.8241e-02,1.2102e-01,8.2053e-02,1.3007e-01,6.7467e-02,7.6731e-02,1.9663e-01,1.0938e-01,8.4437e-02,6.3975e-02
7.1392e-02,7.5838e-02,8.9658e-02,1.7625e-01,3.3499e-02,8.8484e-02,1.6651e-01,7.7466e-02,1.3985e-01,8.1058e-02
7.5679e-02,9.7666e-02,5.5714e-02,1.1106e-01,6.5853e-02,1.6902e-01,2.2680e-01,5.0488e-02,6.3786e-02,8.3927e-02
7.9471e-02,7.2678e-02,6.2848e-02,1.1206e-01,8.1391e-02,9.5780e-02,2.3039e-01,7.8074e-02,1.0617e-01,8.1134e-02
1.1360e-01,7.2229e-02,1.1252e-01,1.3304e-01,5.2147e-02,9.0426e-02,1.3699e-01,9.6251e-02,8.4820e-02,1.0798e-01
7.6825e-02,8.4327e-02,2.7339e-02,1.0819e-01,6.1037e-02,9.8566e-02,2.2156e-01,1.3907e-01,7.7536e-02,1.0554e-01
8.6716e-02,1.1338e-01,5.7110e-02,1.2995e-01,6.1242e-02,4.6991e-02,2.1601e-01,9.0961e-02,9.6743e-02,1.0090e-01
8.2885e-02,1.0148e-01,3.5086e-02,7.9205e-02,8.1428e-02,1.1005e-01,2.4357e-01,8.7535e-02,9.6139e-02,8.2618e-02
8.7466e-02,8.8158e-02,5.4640e-02,1.2037e-01,6.3823e-02,8.0124e-02,2.3791e-01,7.5157e-02,7.7700e-02,1.1466e-01
8.0534e-02,9.0550e-02,7.5725e-02,1.5535e-01,1.3199e-01,1.0219e-01,9.8173e-02,9.4501e-02,9.1379e-02,7.9612e-02
9.0424e-02,8.7492e-02,4.3950e-02,1.2886e-01,1.2597e-01,6.5153e-02,1.7561e-01,8.4436e-02,1.0899e-01,8.9114e-02
9.5177e-02,1.3552e-01,9.2337e-02,9.7701e-02,5.1748e-02,7.4619e-02,1.9228e-01,4.4894e-02,1.3467e-01,8.1047e-02
1.1370e-01,7.2573e-02,8.6605e-02,1.6529e-01,7.3412e-02,7.8314e-02,1.4733e-01,8.3276e-02,1.0954e-01,6.9961e-02
1.1555e-01,7.2059e-02,6.5039e-02,1.0914e-01,1.0661e-01,3.7068e-02,1.6110e-01,9.0967e-02,1.1878e-01,1.2369e-01
5.1092e-02,1.1309e-01,6.1397e-02,1.3279e-01,7.7478e-02,1.0196e-01,2.3072e-01,8.0894e-02,7.3861e-02,7.6710e-02
7.5546e-02,1.0843e-01,9.5972e-02,1.0406e-01,7.5561e-02,9.0199e-02,1.6443e-01,6.1146e-02,1.2566e-01,9.8988e-02
1.0701e-01,9.0346e-02,6.8406e-02,1.3679e-01,8.6834e-02,8.4124e-02,1.5839e-01,9.2768e-02,1.0353e-01,7.1807e-02
9.6453e-02,9.0167e-02,6.9518e-02,1.3310e-01,1.2510e-01,1.0056e-01,1.3838e-01,7.8800e-02,8.2275e-02,8.5642e-02
1.0389e-01,8.1622e-02,6.6181e-02,9.7376e-02,1.0523e-01,9.9551e-02,1.3926e-01,7.6032e-02,1.1356e-01,1.1729e-01
1.0001e-01,4.5537e-02,7.5985e-02,1.3769e-01,1.3979e-01,7.2802e-02,1.4420e-01,9.2608e-02,1.2273e-01,6.8652e-02
4.6716e-02,7.9244e-02,4.4891e-02,1.1158e-01,7.0804e-02,1.0139e-01,2.7664e-01,4.9175e-02,1.2035e-01,9.9203e-02
1.1560e-01,8.0065e-02,6.5288e-02,7.1677e-02,1.2108e-01,1.0081e-01,1.3638e-01,1.1215e-01,8.1798e-02,1.1515e-01
8.2399e-02,8.1367e-02,7.5740e-02,2.1474e-01,8.3040e-02,1.0026e-01,1.3023e-01,4.7204e-02,9.9149e-02,8.5874e-02
7.8981e-02,1.0319e-01,6.0681e-02,1.0348e-01,6.9393e-02,7.8974e-02,2.4570e-01,6.7436e-02,1.4301e-01,4.9161e-02
1.1215e-01,1.1917e-01,8.9360e-02,1.1176e-01,4.6031e-02,7.5490e-02,2.1271e-01,3.4501e-02,8.8359e-02,1.1046e-01
9.6424e-02,6.5568e-02,1.0627e-01,9.3676e-02,9.1649e-02,1.0182e-01,1.4133e-01,1.2058e-01,1.0905e-01,7.3629e-02
5.7803e-02,7.4051e-02,9.3272e-02,1.5512e-01,9.0235e-02,5.3505e-02,1.4578e-01,1.3193e-01,1.1884e-01,7.9466e-02
9.5574e-02,8.1959e-02,3.8821e-02,1.6041e-01,1.3274e-01,1.2267e-01,1.1314e-01,5.6306e-02,1.1841e-01,7.9972e-02
7.5607e-02,6.6264e-02,5.5491e-02,9.6307e-02,7.7396e-02,1.1063e-01,3.0131e-01,5.0513e-02,8.6282e-02,8.0199e-02
7.0178e-02,1.1467e-01,6.0266e-02,1.2955e-01,9.2963e-02,6.0056e-02,1.0127e-01,1.7413e-01,9.4427e-02,1.0249e-01
9.5869e-02,1.0419e-01,5.2327e-02,1.0841e-01,1.1941e-01,9.0627e-02,1.4532e-01,7.4215e-02,1.1751e-01,9.2135e-02
8.3632e-02,8.9227e-02,5.7526e-02,1.2380e-01,1.1363e-01,1.4112e-01,1.8118e-01,4.4182e-02,7.4882e-02,9.0817e-02
1.1389e-01,7.6899e-02,5.0263e-02,7.7723e-02,8.9805e-02,2.0789e-02,1.7518e-01,1.8907e-01,9.9871e-02,1.0651e-01
8.1717e-02,9.4139e-02,1.1591e-01,1.1969e-01,4.2529e-02,1.2869e-01,1.2398e-01,6.1396e-02,1.6120e-01,7.0740e-02
5.6589e-02,9.1472e-02,6.8654e-02,8.2287e-02,1.3007e-01,1.2452e-01,2.1274e-01,2.9712e-02,1.1397e-01,8.9990e-02
1.3270e-01,8.6387e-02,5.2769e-02,9.9423e-02,8.0370e-02,1.1809e-01,1.4149e-01,9.1595e-02,9.8636e-02,9.8544e-02
9.5561e-02,1.0516e-01,1.1520e-01,9.5662e-02,1.0224e-01,5.1334e-02,1.7522e-01,7.1943e-02,1.2904e-01,5.8645e-02
9.4623e-02,9.2891e-02,4.0809e-02,1.0076e-01,5.9516e-02,7.0098e-02,2.8990e-01,7.2728e-02,1.0322e-01,7.5464e-02
1.0252e-01,6.7775e-02,9.6669e-02,7.8810e-02,7.1111e-02,9.5305e-02,1.4998e-01,1.0387e-01,9.8428e-02,1.3553e-01
8.3384e-02,6.8843e-02,5.6799e-02,1.3186e-01,7.0985e-02,8.6698e-02,2.5410e-01,8.1468e-02,8.4442e-02,8.1424e-02
9.9585e-02,7.3038e-02,6.5832e-02,1.1400e-01,1.2063e-01,7.0216e-02,1.8275e-01,7.5712e-02,9.4243e-02,1.0400e-01
7.8029e-02,8.4333e-02,7.8980e-02,1.0482e-01,9.9834e-02,7.0732e-02,1.8872e-01,1.0566e-01,9.4347e-02,9.4552e-02
9.4475e-02,1.1691e-01,8.0898e-02,1.1354e-01,6.5535e-02,7.6631e-02,1.6108e-01,6.7146e-02,1.2550e-01,9.8283e-02
3.6661e-02,1.1696e-01,3.3201e-02,1.1959e-01,6.7057e-02,9.3983e-02,2.3806e-01,1.3538e-01,8.3512e-02,7.5603e-02
4.5461e-02,1.1211e-01,6.3857e-02,9.3800e-02,1.0358e-01,7.9696e-02,1.9479e-01,1.1921e-01,8.9918e-02,9.7581e-02
8.2053e-02,8.3130e-02,4.0164e-02,1.1731e-01,9.1859e-02,8.2545e-02,2.5900e-01,6.7535e-02,6.6385e-02,1.1002e-01
7.0889e-02,1.0360e-01,9.4617e-02,1.3478e-01,7.0921e-02,1.3156e-01,1.4416e-01,6.0678e-02,8.9057e-02,9.9744e-02
9.3720e-02,9.0093e-02,7.7431e-02,1.1712e-01,8.2823e-02,8.0053e-02,1.7235e-01,1.2318e-01,7.7665e-02,8.5571e-02
6.8637e-02,7.7874e-02,8.7149e-02,5.9021e-02,1.4887e-01,7.3010e-02,2.5580e-01,8.0704e-02,5.8885e-02,9.0053e-02
1.0985e-01,9.6062e-02,7.7097e-02,1.3750e-01,3.7229e-02,6.9836e-02,2.1034e-01,4.6733e-02,9.7532e-02,1.1782e-01
8.1383e-02,7.0158e-02,7.1864e-02,1.1435e-01,9.4524e-02,1.1752e-01,2.1584e-01,2.8599e-02,9.8069e-02,1.0768e-01
9.3567e-02,1.0767e-01,7.6082e-02,1.0788e-01,7.0231e-02,9.4490e-02,1.2134e-01,1.1736e-01,1.0759e-01,1.0380e-01
5.3569e-02,6.3697e-02,8.1522e-02,9.8813e-02,1.1079e-01,9.4207e-02,2.2643e-01,7.0175e-02,6.5317e-02,1.3548e-01
3.9528e-02,1.0628e-01,5.7896e-02,1.4280e-01,7.2153e-02,7.2791e-02,2.5903e-01,7.8863e-02,8.5723e-02,8.4942e-02
1.0548e-01,7.9310e-02,6.7891e-02,1.2242e-01,1.2635e-01,1.1270e-01,1.7007e-01,1.0893e-01,5.1153e-02,5.5685e-02
1.0908e-01,9.7262e-02,6.1815e-02,1.4890e-01,6.0364e-02,1.0341e-01,1.5233e-01,8.4406e-02,6.4429e-02,1.1801e-01
8.9600e-02,9.4526e-02,6.3241e-02,9.2546e-02,9.2055e-02,1.0476e-01,2.3443e-01,4.9864e-02,7.4344e-02,1.0464e-01
8.2221e-02,1.2410e-01,5.0178e-02,1.0752e-01,1.2341e-01,1.3774e-01,2.0003e-01,6.7024e-02,4.8913e-02,5.8862e-02
5.8289e-02,7.6300e-02,1.1734e-01,1.7411e-01,2.5106e-02,1.2458e-01,2.5348e-01,3.4123e-02,6.5564e-02,7.1107e-02
1.1224e-01,1.0192e-01,5.6507e-02,1.0484e-01,7.9775e-02,1.0967e-01,1.9547e-01,4.6101e-02,9.2768e-02,1.0071e-01
5.0440e-02,7.8422e-02,8.2493e-02,1.3167e-01,9.8319e-02,1.2661e-01,2.0951e-01,2.0200e-02,9.4114e-02,1.0822e-01
1.2533e-01,7.2236e-02,7.5690e-02,1.6532e-01,1.0722e-01,7.6903e-02,1.6708e-01,4.5859e-02,7.3740e-02,9.0619e-02
4.4901e-02,7.2731e-02,3.6431e-02,8.3531e-02,6.4457e-02,1.3671e-01,2.9834e-01,6.6394e-02,1.1413e-01,8.2369e-02
4.4332e-02,1.1175e-01,6.7167e-02,1.3562e-01,4.7939e-02,9.6773e-02,2.3134e-01,1.2017e-01,7.1172e-02,7.3734e-02
8.8500e-02,6.0696e-02,5.3772e-02,1.2916e-01,6.4885e-02,1.1735e-01,2.0322e-01,6.9767e-02,9.3398e-02,1.1926e-01
6.4033e-02,8.6999e-02,1.0938e-01,1.3717e-01,3.5511e-02,5.4261e-02,2.4548e-01,1.0948e-01,4.4534e-02,1.1316e-01
1.0396e-01,9.3515e-02,1.0925e-01,1.3071e-01,8.0320e-02,1.1564e-01,1.2923e-01,6.5389e-02,6.3768e-02,1.0821e-01
8.2328e-02,8.0771e-02,4.9291e-02,1.4018e-01,1.4728e-01,6.2110e-02,1.6296e-01,5.8720e-02,9.3152e-02,1.2321e-01
8.6916e-02,9.0583e-02,6.5456e-02,1.2056e-01,5.9098e-02,1.2133e-01,1.8467e-01,6.6199e-02,1.3729e-01,6.7896e-02
6.2538e-02,3.7627e-02,9.8168e-02,1.0922e-01,5.3970e-02,6.2069e-02,2.7361e-01,1.1735e-01,7.0749e-02,1.1469e-01
6.7271e-02,9.6122e-02,8.3714e-02,8.6235e-02,5.7395e-02,6.6525e-02,2.5047e-01,8.7559e-02,8.7262e-02,1.1745e-01
8.1620e-02,9.0682e-02,7.8294e-02,1.1506e-01,8.9443e-02,7.6375e-02,2.1926e-01,7.6232e-02,8.2064e-02,9.0976e-02
6.4128e-02,1.0425e-01,9.2078e-02,1.0057e-01,8.1145e-02,9.9863e-02,1.8130e-01,5.9637e-02,9.4390e-02,1.2264e-01
7.6429e-02,1.0204e-01,5.8974e-02,1.4185e-01,9.2161e-02,9.5331e-02,2.2866e-01,7.1230e-02,7.4510e-02,5.8818e-02
8.7449e-02,8.6401e-02,8.3676e-02,1.1231e-01,1.0800e-01,7.8278e-02,1.6548e-01,1.0155e-01,1.1574e-01,6.1101e-02
7.3865e-02,7.6822e-02,7.8773e-02,1.0065e-01,1.6476e-01,1.3163e-01,1.2958e-01,8.9111e-02,8.1699e-02,7.3112e-02
6.2445e-02,1.3736e-01,8.6714e-02,8.7476e-02,1.1034e-01,5.2517e-02,2.3555e-01,7.6101e-02,8.2536e-02,6.8958e-02
6.1302e-02,8.5612e-02,1.2647e-01,1.9676e-01,5.5320e-02,6.0577e-02,1.4599e-01,8.9453e-02,1.0612e-01,7.2380e-02
8.4871e-02,1.1791e-01,4.9920e-02,1.1837e-01,4.5570e-02,8.0148e-02,1.8893e-01,1.0149e-01,8.0759e-02,1.3204e-01
7.7816e-02,5.8229e-02,6.6413e-02,1.2196e-01,4.3222e-02,1.0170e-01,2.3843e-01,7.7255e-02,8.4092e-02,1.3088e-01
5.5103e-02,9.0889e-02,8.6843e-02,1.5560e-01,4.7172e-02,6.6953e-02,1.8677e-01,1.1159e-01,1.1265e-01,8.6426e-02
9.0265e-02,1.1027e-01,1.0261e-01,1.2636e-01,6.0872e-02,1.2117e-01,1.6895e-01,6.2156e-02,8.4784e-02,7.2555e-02
9.4928e-02,8.3733e-02,5.4096e-02,1.2953e-01,9.6379e-02,7.6218e-02,1.4868e-01,1.0389e-01,9.8543e-02,1.1400e-01
8.6745e-02,7.6085e-02,1.2707e-01,1.0735e-01,1.1448e-01,6.4423e-02,1.6383e-01,9.3100e-02,6.1929e-02,1.0499e-01
8.4186e-02,1.2075e-01,7.1174e-02,1.2031e-01,6.9143e-02,6.5052e-02,1.8825e-01,7.1150e-02,1.1570e-01,9.4288e-02
6.1493e-02,6.6932e-02,8.2205e-02,1.2353e-01,8.0350e-02,1.0373e-01,1.9212e-01,9.2724e-02,9.0407e-02,1.0650e-01
9.2591e-02,8.3880e-02,9.2858e-02,1.6679e-01,5.0354e-02,6.6080e-02,1.9904e-01,4.0882e-02,7.9956e-02,1.2756e-01
7.6444e-02,8.6530e-02,5.8062e-02,1.1069e-01,4.6691e-02,1.4369e-01,2.1652e-01,3.4738e-02,1.0831e-01,1.1832e-01
6.4666e-02,5.8823e-02,4.8474e-02,1.3742e-01,8.6958e-02,1.8093e-01,1.6728e-01,8.2498e-02,8.8539e-02,8.4413e-02
1.0045e-01,5.0093e-02,8.1360e-02,1.1162e-01,1.3940e-01,1.2692e-01,1.5056e-01,3.2112e-02,9.8356e-02,1.0913e-01
4.8480e-02,5.6226e-02,6.1382e-02,1.1851e-01,4.9400e-02,1.1865e-01,2.7273e-01,2.8684e-02,1.4015e-01,1.0579e-01
5.0929e-02,5.7394e-02,2.0115e-02,1.2098e-01,8.9300e-02,1.0750e-01,2.6917e-01,7.4934e-02,1.0190e-01,1.0778e-01
5.5738e-02,1.0084e-01,5.2900e-02,1.0690e-01,1.0534e-01,1.5896e-01,2.5844e-01,4.7831e-02,5.6207e-02,5.6849e-02
8.6888e-02,1.0437e-01,9.9561e-02,1.7065e-01,6.1895e-02,1.0775e-01,1.6344e-01,3.5006e-02,1.0809e-01,6.2341e-02
7.1433e-02,1.0270e-01,8.8266e-02,1.3086e-01,7.1067e-02,5.4253e-02,1.9212e-01,6.1297e-02,1.3160e-01,9.6406e-02
9.7739e-02,4.9068e-02,7.5747e-02,1.5987e-01,1.1022e-01,1.1989e-01,1.7594e-01,4.3638e-02,1.0268e-01,6.5220e-02
6.7214e-02,8.2959e-02,5.3113e-02,1.3475e-01,9.4230e-02,8.2453e-02,2.2138e-01,3.3688e-02,1.0933e-01,1.2088e-01
5.4776e-02,8.5174e-02,1.2046e-01,1.6303e-01,4.4860e-02,4.6152e-02,2.0007e-01,9.7029e-02,9.1507e-02,9.6954e-02
1.1237e-01,7.3453e-02,6.8652e-02,1.3295e-01,3.0717e-02,7.7034e-02,2.1927e-01,5.3025e-02,9.8707e-02,1.3382e-01
5.0039e-02,9.9906e-02,8.8932e-02,1.0550e-01,9.5463e-02,9.8452e-02,1.8325e-01,8.8896e-02,1.2332e-01,6.6239e-02
9.5858e-02,7.4113e-02,5.9407e-02,1.1264e-01,6.5620e-02,1.5288e-01,1.8851e-01,7.9268e-02,1.0297e-01,6.8727e-02
7.8998e-02,9.1094e-02,5.7426e-02,1.2033e-01,8.6100e-02,9.1750e-02,1.7220e-01,5.7301e-02,1.1442e-01,1.3038e-01
6.7150e-02,1.1658e-01,8.0860e-02,1.3282e-01,8.7920e-02,6.8720e-02,2.1618e-01,4.3985e-02,8.1533e-02,1.0425e-01
8.5220e-02,1.1217e-01,7.6834e-02,1.5603e-01,4.7676e-02,6.0359e-02,2.3357e-01,3.8336e-02,1.0138e-01,8.8436e-02
7.7093e-02,8.2505e-02,6.8540e-02,1.1927e-01,6.7930e-02,1.1411e-01,1.8856e-01,6.5038e-02,1.0147e-01,1.1548e-01
8.6747e-02,8.0567e-02,7.5195e-02,1.2331e-01,1.0683e-01,3.8203e-02,1.7694e-01,1.0758e-01,9.5422e-02,1.0921e-01
8.1086e-02,7.6372e-02,1.0329e-01,1.3484e-01,7.4929e-02,1.2756e-01,1.8528e-01,8.3730e-02,8.9161e-02,4.3752e-02
7.6174e-02,9.0867e-02,1.1902e-01,1.5121e-01,8.7478e-02,6.3220e-02,1.3183e-01,1.1498e-01,1.1034e-01,5.4873e-02
5.2785e-02,8.6135e-02,1.2923e-01,8.5901e-02,6.4503e-02,1.1970e-01,1.8230e-01,6.9960e-02,1.0914e-01,1.0035e-01
8.3554e-02,8.7361e-02,8.3168e-02,1.1752e-01,1.3689e-01,6.0658e-02,9.5937e-02,1.3126e-01,1.2150e-01,8.2156e-02
1.0756e-01,1.0164e-01,7.6237e-02,1.0837e-01,5.4171e-02,7.5577e-02,2.5774e-01,4.0117e-02,6.7929e-02,1.1066e-01
5.0090e-02,5.9859e-02,5.2356e-02,9.0955e-02,3.8812e-02,1.7418e-01,3.2374e-01,1.3033e-02,1.0487e-01,9.2101e-02
7.0687e-02,1.1163e-01,5.0683e-02,1.2132e-01,5.9243e-02,1.0607e-01,2.8512e-01,3.8615e-02,7.5104e-02,8.1530e-02
7.2151e-02,7.7983e-02,7.6199e-02,8.7840e-02,8.7972e-02,1.1107e-01,1.9821e-01,5.4743e-02,1.2342e-01,1.1042e-01
7.4665e-02,6.5206e-02,1.4373e-01,1.7156e-01,8.1393e-02,7.5883e-02,1.3057e-01,1.4844e-01,6.6822e-02,4.1729e-02
7.0466e-02,9.4680e-02,7.0480e-02,1.4472e-01,1.3625e-01,8.4429e-02,1.3630e-01,6.8427e-02,1.0561e-01,8.8642e-02
5.7764e-02,8.3404e-02,6.0287e-02,8.4899e-02,8.1887e-02,1.0800e-01,2.4049e-01,7.9967e-02,1.2148e-01,8.1829e-02
5.7129e-02,1.3342e-01,1.1877e-01,9.6658e-02,1.1883e-01,9.4185e-02,9.9613e-02,8.3835e-02,1.1690e-01,8.0670e-02
4.4201e-02,7.0324e-02,4.3900e-02,1.4144e-01,9.6859e-02,9.7107e-02,2.1120e-01,1.3609e-01,8.9394e-02,6.9483e-02
5.5604e-02,9.2188e-02,7.6172e-02,1.3658e-01,4.8999e-02,1.3156e-01,1.7038e-01,3.3394e-02,1.3545e-01,1.1967e-01
1.0444e-01,8.7300e-02,8.3354e-02,1.4192e-01,1.0378e-01,8.4946e-02,1.5818e-01,8.5219e-02,9.4383e-02,5.6475e-02
6.7978e-02,7.2455e-02,4.5815e-02,1.1524e-01,8.8719e-02,7.7174e-02,2.0568e-01,1.2225e-01,1.0347e-01,1.0122e-01
8.0055e-02,1.0833e-01,1.0682e-01,9.3779e-02,5.5416e-02,1.1559e-01,1.9011e-01,6.1622e-02,1.1285e-01,7.5418e-02
8.2100e-02,7.4803e-02,1.1064e-01,1.3387e-01,1.0136e-01,1.0496e-01,1.6609e-01,8.0419e-02,9.3711e-02,5.2040e-02
6.5846e-02,8.1271e-02,7.3758e-02,1.4529e-01,1.2889e-01,9.8965e-02,1.4520e-01,9.7679e-02,9.4691e-02,6.8418e-02
1.0434e-01,7.7059e-02,1.1127e-01,1.2109e-01,8.2664e-02,7.8311e-02,1.5825e-01,7.6501e-02,9.6844e-02,9.3677e-02
7.9871e-02,5.7899e-02,1.1066e-01,1.2418e-01,9.5249e-02,4.8065e-02,2.0917e-01,7.3907e-02,1.0026e-01,1.0074e-01
7.2501e-02,7.5951e-02,8.9905e-02,1.0408e-01,7.4625e-02,1.3230e-01,2.1500e-01,3.8287e-02,1.2260e-01,7.4764e-02
6.1681e-02,1.2403e-01,5.3493e-02,1.0187e-01,3.8024e-02,1.4450e-01,2.5238e-01,5.0363e-02,9.5839e-02,7.7824e-02
1.1143e-01,7.5303e-02,3.3595e-02,1.1165e-01,1.3707e-01,6.6187e-02,1.6794e-01,6.3578e-02,1.3829e-01,9.4959e-02
7.6272e-02,8.3201e-02,6.8880e-02,1.2318e-01,8.9146e-02,6.4545e-02,2.3964e-01,9.4507e-02,7.4704e-02,8.5927e-02
2.9300e-02,1.0208e-01,3.3037e-02,1.3900e-01,1.0024e-01,1.2524e-01,2.6325e-01,2.3604e-02,8.9779e-02,9.4468e-02
8.1299e-02,8.4698e-02,8.2024e-02,1.1871e-01,1.0698e-01,1.2294e-01,1.7628e-01,5.7332e-02,7.4865e-02,9.4872e-02
7.6401e-02,7.5097e-02,5.6741e-02,1.6278e-01,6.8505e-02,8.1842e-02,2.5608e-01,6.7254e-02,8.4214e-02,7.1093e-02
1.0356e-01,1.1449e-01,5.3365e-02,1.5453e-01,8.6604e-02,1.0215e-01,1.3339e-01,2.3975e-02,1.0901e-01,1.1893e-01
1.3688e-01,6.9233e-02,6.0495e-02,1.0779e-01,5.3078e-02,8.7059e-02,2.7154e-01,5.4302e-02,7.5264e-02,8.4368e-02
8.4191e-02,7.1478e-02,6.2083e-02,1.4241e-01,1.1693e-01,8.2087e-02,1.8171e-01,9.0267e-02,7.1676e-02,9.7168e-02
1.0293e-01,7.7928e-02,6.6980e-02,1.1310e-01,8.6286e-02,9.9274e-02,2.1408e-01,3.8456e-02,8.3601e-02,1.1737e-01
6.5007e-02,8.3421e-02,8.5450e-02,1.5274e-01,7.7300e-02,1.1867e-01,2.0147e-01,6.1307e-02,6.8531e-02,8.6106e-02
