4.2186e-10,2.1575e-09,1.1506e-10,4.3835e-09,2.2249e-13,1.0985e-15,9.6351e-08,5.0483e-12,1.0000e+00,5.9522e-11
1.7283e-05,6.7346e-06,7.7711e-05,4.2666e-02,2.7439e-04,4.6374e-08,9.5695e-01,1.1463e-07,1.3100e-06,2.5674e-06
7.0727e-02,1.2126e-03,2.4982e-03,5.3728e-01,1.4729e-02,2.1278e-05,3.7065e-01,3.2272e-05,2.7885e-03,6.2834e-05
4.2550e-02,2.6929e-03,1.8969e-02,5.6591e-01,1.1874e-02,1.3994e-04,3.5665e-01,3.7555e-05,1.0560e-03,1.2215e-04
5.1266e-02,2.9087e-01,7.2223e-02,7.2748e-02,1.5278e-01,9.7866e-05,3.5851e-01,2.3123e-05,9.7110e-04,5.0268e-04
8.8269e-02,1.1466e-01,2.0420e-01,4.3233e-01,7.6929e-02,7.7312e-05,8.1879e-02,1.5967e-04,1.2327e-03,2.6228e-04
4.3677e-02,5.2796e-02,8.3757e-02,3.7154e-01,1.2827e-01,8.7546e-05,3.1665e-01,5.0728e-05,2.8990e-03,2.7048e-04
3.2585e-02,8.2820e-02,1.1541e-01,2.3394e-01,4.5726e-02,1.2764e-05,4.8742e-01,2.1204e-05,1.9515e-03,1.1479e-04
3.4983e-02,2.1587e-01,9.6612e-02,1.5981e-01,1.0169e-01,4.4421e-05,3.8978e-01,7.4723e-05,8.3925e-04,2.9628e-04
1.5993e-02,2.0610e-01,7.5691e-02,2.2507e-01,1.4551e-01,6.4514e-05,3.2207e-01,3.1497e-05,9.3902e-03,8.4139e-05
2.9710e-02,2.3638e-01,6.9660e-02,3.8087e-01,9.2327e-02,4.9007e-05,1.8973e-01,7.0066e-05,1.0066e-03,1.9219e-04
6.5173e-02,1.6546e-01,1.0844e-01,3.6525e-01,8.5421e-02,2.6821e-05,1.9950e-01,6.5709e-05,1.0622e-02,4.5745e-05
6.2150e-02,2.0676e-01,1.8934e-02,3.0889e-01,6.5542e-02,3.2047e-05,3.0961e-01,7.3441e-05,2.7791e-02,2.1130e-04
4.6668e-02,2.0853e-01,5.9707e-02,3.2378e-01,1.1204e-01,5.1638e-04,1.9246e-01,2.1170e-06,5.6270e-02,3.0164e-05
9.3673e-02,2.7885e-01,8.3093e-02,1.8241e-01,1.1312e-01,5.9426e-05,2.1643e-01,4.9309e-05,3.2156e-02,1.5686e-04
4.1869e-02,2.3827e-01,5.7178e-02,2.6226e-01,6.9338e-02,6.1700e-05,2.7646e-01,1.0066e-04,5.3878e-02,5.8615e-04
4.4781e-02,2.6278e-01,1.3475e-01,3.0797e-01,8.5979e-02,1.5849e-05,1.5251e-01,1.1391e-05,1.1136e-02,7.1508e-05
7.4627e-02,2.0276e-01,7.5569e-02,2.0781e-01,1.1476e-01,1.4734e-04,2.9509e-01,9.0096e-05,2.8754e-02,3.9308e-04
5.0719e-02,2.6094e-01,9.4792e-02,2.1511e-01,1.3753e-01,5.1607e-06,2.2415e-01,4.2562e-06,1.6711e-02,3.1933e-05
5.9564e-02,2.2477e-01,1.6836e-02,3.5603e-01,9.3184e-02,1.6206e-05,2.0189e-01,4.0473e-05,4.7517e-02,1.5763e-04
1.2644e-01,2.1674e-01,4.2259e-02,2.2159e-01,9.5283e-02,4.4465e-05,2.8410e-01,2.4994e-05,1.3447e-02,6.6884e-05
1.3688e-01,1.9416e-01,6.0923e-02,3.0910e-01,7.0505e-02,1.3920e-04,2.1881e-01,8.0936e-05,8.8080e-03,5.8872e-04
5.6797e-02,1.6393e-01,7.0607e-02,1.6466e-01,1.2581e-01,8.7926e-06,4.1308e-01,7.4583e-05,4.9007e-03,1.3133e-04
9.2581e-02,1.9202e-01,5.9717e-02,2.9527e-01,1.7942e-01,1.2846e-04,1.5736e-01,1.0346e-04,2.2907e-02,4.8757e-04
6.5882e-02,2.5574e-01,2.4034e-02,2.2236e-01,6.6799e-02,9.6522e-06,3.6389e-01,2.0264e-05,1.2118e-03,4.9267e-05
8.5136e-02,2.0860e-01,7.9072e-02,2.5919e-01,9.4406e-02,1.9948e-04,2.2307e-01,1.1624e-04,4.9809e-02,4.1056e-04
1.3171e-01,2.1081e-01,3.2893e-02,2.0826e-01,1.1390e-01,1.2393e-05,2.9229e-01,4.5670e-05,9.9987e-03,9.0202e-05
1.2835e-01,1.5878e-01,4.8827e-02,3.3547e-01,1.2661e-01,3.8765e-03,1.7223e-01,3.5137e-05,2.5753e-02,7.0332e-05
1.1455e-01,2.3393e-01,3.7172e-02,2.3540e-01,6.2057e-02,1.6840e-05,2.9355e-01,8.0497e-05,2.2846e-02,3.9061e-04
1.1953e-01,1.9985e-01,4.0157e-02,2.9857e-01,1.2638e-01,8.7007e-05,1.7648e-01,8.5256e-05,3.8564e-02,3.0075e-04
1.5230e-01,1.9280e-01,5.6089e-02,2.4043e-01,1.4279e-01,5.5360e-05,1.9024e-01,4.6467e-05,2.5021e-02,2.1574e-04
9.0380e-02,2.1108e-01,5.4008e-02,2.2487e-01,3.9537e-02,1.3199e-04,3.5507e-01,3.6435e-05,2.4647e-02,2.3726e-04
1.2339e-01,1.8946e-01,9.2462e-03,2.5849e-01,4.9384e-02,1.0870e-04,3.5923e-01,1.8796e-05,1.0573e-02,9.7826e-05
1.0701e-01,1.9539e-01,1.4890e-01,2.4705e-01,1.1903e-01,4.7581e-04,1.1232e-01,1.2939e-04,6.9562e-02,1.3510e-04
1.2645e-01,1.4620e-01,7.3855e-02,1.9936e-01,1.3194e-01,2.7379e-05,2.6254e-01,3.5889e-05,5.9275e-02,3.1557e-04
1.1279e-01,1.4825e-01,4.1381e-02,3.4299e-01,1.1915e-01,2.0716e-04,2.1101e-01,3.0164e-05,2.4065e-02,1.2539e-04
5.8712e-02,1.6542e-01,6.5916e-02,2.8822e-01,8.4171e-02,1.9980e-05,2.8740e-01,2.7883e-05,4.9968e-02,1.4342e-04
9.2866e-02,2.3201e-01,3.4795e-02,2.2857e-01,7.4501e-02,9.6881e-05,3.0598e-01,6.9435e-05,3.0646e-02,4.6470e-04
1.0150e-01,1.8085e-01,8.0479e-02,2.2468e-01,3.8620e-02,4.1472e-06,3.5420e-01,8.0668e-06,1.9605e-02,5.3481e-05
1.2533e-01,1.4759e-01,7.5345e-02,2.4043e-01,1.4729e-01,3.9700e-05,2.3649e-01,3.6410e-05,2.7243e-02,1.9545e-04
5.2120e-02,1.9174e-01,2.6443e-02,2.4684e-01,1.3582e-01,1.9983e-04,3.0582e-01,3.2287e-05,3.9359e-02,1.6229e-03
1.3219e-01,2.0051e-01,8.4618e-02,2.6612e-01,8.0625e-02,3.6806e-04,2.1764e-01,3.4495e-05,1.7632e-02,2.6491e-04
8.1216e-02,1.5540e-01,1.1292e-01,2.4048e-01,1.4084e-01,7.1624e-05,2.3948e-01,2.6822e-05,2.9429e-02,1.3076e-04
6.1025e-02,2.1005e-01,9.1706e-02,2.2814e-01,1.9466e-01,8.1962e-05,1.9303e-01,3.0677e-05,2.1165e-02,1.0864e-04
1.0264e-01,1.2240e-01,2.3773e-02,2.1958e-01,8.8812e-02,3.3010e-06,3.8330e-01,6.9722e-06,5.9389e-02,1.0434e-04
9.0939e-02,1.7105e-01,6.4652e-02,2.1787e-01,3.7946e-02,1.1350e-03,3.7180e-01,7.6853e-05,4.4367e-02,1.7312e-04
1.7132e-01,1.2688e-01,4.7963e-02,2.3159e-01,8.6239e-02,4.5284e-05,2.6727e-01,4.0210e-06,6.8657e-02,3.7067e-05
1.3848e-01,1.8701e-01,8.2813e-02,1.9228e-01,1.4789e-01,4.3125e-05,2.2674e-01,2.0164e-05,2.4491e-02,2.2827e-04
7.8139e-02,1.3391e-01,7.8361e-02,3.1408e-01,1.4975e-01,1.9139e-04,2.0735e-01,4.3258e-05,3.7789e-02,3.9247e-04
1.2712e-01,2.0720e-01,5.8185e-02,2.3866e-01,7.1984e-02,6.0577e-05,2.3522e-01,3.2533e-05,6.1274e-02,2.6960e-04
1.4985e-01,1.8006e-01,6.4183e-02,2.4857e-01,6.3222e-02,1.0485e-05,2.6497e-01,3.8100e-06,2.9123e-02,1.2862e-05
6.6873e-02,2.1427e-01,1.7012e-02,1.7642e-01,1.0260e-01,7.8151e-06,3.4918e-01,3.8754e-05,7.3534e-02,6.1093e-05
1.9039e-01,1.4912e-01,1.1692e-01,1.4733e-01,7.1377e-02,4.2983e-03,2.7979e-01,4.8647e-05,4.0315e-02,4.1662e-04
9.6390e-02,1.9537e-01,5.5153e-02,1.9748e-01,8.5752e-02,9.1011e-05,2.9531e-01,2.9509e-05,7.4168e-02,2.5697e-04
8.8770e-02,2.0640e-01,5.8716e-02,1.9814e-01,1.5898e-01,7.1150e-05,2.2264e-01,2.9063e-05,6.0499e-02,5.7564e-03
1.3765e-01,1.6481e-01,6.1211e-02,1.3574e-01,1.0273e-01,6.5373e-04,3.5936e-01,2.6845e-04,3.7063e-02,5.1664e-04
8.6387e-02,2.0612e-01,9.5348e-02,1.9638e-01,1.1829e-01,4.9199e-03,2.4180e-01,2.3042e-04,4.9535e-02,9.8431e-04
7.2613e-02,2.2469e-01,7.7947e-02,1.8042e-01,1.5141e-01,3.6846e-03,2.0151e-01,4.1844e-05,8.7634e-02,5.4407e-05
8.2104e-02,1.9745e-01,7.6945e-02,2.3102e-01,8.3870e-02,1.2686e-04,2.9136e-01,6.4609e-05,3.3387e-02,3.6756e-03
1.2020e-01,1.5157e-01,1.1679e-01,2.2142e-01,1.2230e-01,1.8314e-05,2.2909e-01,3.5168e-05,3.8428e-02,1.5288e-04
1.2965e-01,1.5009e-01,1.1313e-01,1.8407e-01,1.1093e-01,5.2583e-03,2.4784e-01,3.6118e-05,5.8225e-02,7.7695e-04
1.2890e-01,1.9166e-01,6.6527e-02,1.7118e-01,1.4393e-01,4.2439e-05,2.7164e-01,8.3770e-05,2.5844e-02,1.9095e-04
1.2070e-01,2.0464e-01,8.9658e-02,1.9608e-01,1.3407e-01,5.5288e-03,1.7483e-01,1.1637e-05,7.1166e-02,3.3193e-03
7.6671e-02,1.6946e-01,4.1071e-02,2.8204e-01,1.1598e-01,1.8697e-03,2.7694e-01,2.9388e-05,3.3772e-02,2.1760e-03
1.0733e-01,2.0944e-01,4.6976e-02,2.2505e-01,7.7882e-02,1.3549e-04,2.6313e-01,2.4242e-05,6.9958e-02,7.2798e-05
9.5883e-02,1.9580e-01,5.3467e-02,2.2986e-01,2.0482e-02,5.0082e-03,3.1831e-01,4.8732e-05,8.1082e-02,5.8835e-05
8.5874e-02,1.9737e-01,4.0494e-02,2.3389e-01,1.6388e-01,3.9514e-05,2.3484e-01,3.3619e-04,3.8932e-02,4.3364e-03
1.2546e-01,1.8572e-01,9.4398e-02,1.8057e-01,6.9705e-02,5.5052e-05,3.0830e-01,6.4667e-07,3.5777e-02,1.4301e-05
1.0261e-01,1.4258e-01,9.8383e-02,3.0510e-01,4.0315e-02,2.4232e-03,2.2762e-01,1.0018e-05,7.8347e-02,2.6055e-03
1.3163e-01,2.1993e-01,9.9028e-02,1.5931e-01,7.5083e-02,9.2556e-05,2.6146e-01,2.1554e-05,5.3396e-02,4.3890e-05
8.2846e-02,1.9428e-01,7.4647e-02,1.7190e-01,6.4244e-02,4.3223e-06,3.9433e-01,1.2434e-05,1.7699e-02,3.2257e-05
1.2136e-01,2.1905e-01,4.4655e-02,2.7564e-01,5.5746e-02,3.5025e-05,2.4005e-01,2.6523e-05,4.3186e-02,2.5798e-04
7.9355e-02,1.6133e-01,7.8112e-02,2.5221e-01,1.0334e-01,2.7269e-05,2.7396e-01,4.4128e-06,5.1586e-02,7.8602e-05
6.9563e-02,2.0746e-01,9.4025e-02,2.6192e-01,1.0222e-01,4.4061e-05,2.0788e-01,1.8273e-05,5.6786e-02,8.9778e-05
1.4734e-01,1.6954e-01,7.9960e-02,2.2825e-01,6.9879e-02,3.4606e-05,2.6640e-01,9.1334e-06,3.8488e-02,1.0011e-04
6.9481e-02,2.0485e-01,8.4855e-02,2.3502e-01,7.4994e-02,4.9248e-05,2.8929e-01,4.7625e-05,3.9248e-02,2.1674e-03
8.9608e-02,1.6490e-01,4.0053e-02,2.4446e-01,7.1717e-02,3.6622e-05,3.0637e-01,9.4702e-06,8.2626e-02,2.1511e-04
1.6778e-01,2.6396e-01,1.1691e-01,1.6316e-01,8.4848e-02,1.0288e-04,1.4254e-01,4.5856e-06,6.0435e-02,2.5236e-04
7.8205e-02,1.4498e-01,7.7224e-02,2.1690e-01,1.3480e-01,3.4159e-03,3.1273e-01,1.7659e-05,3.0674e-02,1.0487e-03
9.1571e-02,2.6070e-01,1.2588e-01,1.7588e-01,5.7677e-02,1.1145e-05,2.5441e-01,4.1366e-06,3.3835e-02,3.1540e-05
9.4057e-02,2.1583e-01,6.3982e-02,1.6950e-01,1.1862e-01,5.0531e-05,2.9258e-01,1.3291e-05,4.5257e-02,1.0087e-04
8.1943e-02,2.5488e-01,5.9995e-02,2.0305e-01,6.0831e-02,1.2697e-04,2.6332e-01,1.3891e-04,7.5348e-02,3.6667e-04
1.0607e-01,1.9272e-01,8.6365e-02,1.9457e-01,9.0471e-02,2.2105e-05,2.3599e-01,2.6819e-05,9.2827e-02,9.3092e-04
9.7189e-02,1.8664e-01,5.3914e-02,2.5616e-01,8.1492e-02,1.5455e-05,2.7696e-01,6.7378e-05,4.7512e-02,4.9344e-05
1.0462e-01,2.4709e-01,8.8416e-02,1.6049e-01,1.6168e-01,9.7239e-05,1.7953e-01,3.3505e-05,5.7928e-02,1.1653e-04
1.4067e-01,2.1377e-01,7.2000e-02,2.0658e-01,9.7123e-02,4.3599e-05,2.1049e-01,1.0417e-04,5.9008e-02,2.0509e-04
1.0804e-01,1.8081e-01,7.2063e-02,2.1828e-01,1.5529e-01,3.9266e-05,2.0055e-01,2.5807e-05,6.4796e-02,9.9378e-05
1.7050e-01,1.8907e-01,7.0902e-02,1.8914e-01,5.8236e-02,1.2848e-04,2.6125e-01,7.3897e-05,6.0617e-02,8.0318e-05
9.5446e-02,2.1100e-01,8.7207e-02,1.7719e-01,1.0872e-01,5.3967e-05,2.4938e-01,2.8561e-05,7.0941e-02,3.6401e-05
1.2804e-01,1.5996e-01,6.3219e-02,2.2235e-01,8.3068e-02,1.1457e-02,2.9366e-01,6.1801e-05,3.7240e-02,9.4129e-04
5.0780e-02,1.7533e-01,8.7631e-02,2.6177e-01,1.2521e-01,1.2618e-04,2.4372e-01,3.9621e-05,5.5261e-02,1.2829e-04
9.5010e-02,1.5143e-01,1.0273e-01,2.0079e-01,1.1815e-01,5.2756e-03,2.6231e-01,4.8941e-05,6.4191e-02,7.2014e-05
9.3799e-02,2.3426e-01,9.5098e-02,2.2331e-01,9.9706e-02,2.6536e-03,1.9052e-01,3.0242e-04,6.0291e-02,6.1800e-05
1.5002e-01,1.6310e-01,1.4819e-01,1.5000e-01,1.0534e-01,4.7167e-03,1.9906e-01,4.2256e-03,7.5179e-02,1.5966e-04
1.2079e-01,1.5321e-01,1.1965e-01,2.4135e-01,6.7351e-02,5.2664e-03,2.4416e-01,8.4009e-06,4.8110e-02,1.1153e-04
7.6606e-02,1.7796e-01,8.4257e-02,2.2949e-01,1.1660e-01,4.5125e-03,2.6075e-01,1.2412e-05,4.9534e-02,2.7618e-04
8.4743e-02,2.1638e-01,4.8560e-02,2.6025e-01,7.9109e-02,2.5887e-03,2.6772e-01,4.5478e-05,4.0385e-02,2.1161e-04
1.1144e-01,1.7138e-01,9.4026e-02,2.5868e-01,9.7816e-02,6.5160e-03,2.2121e-01,3.7297e-04,3.8490e-02,7.6027e-05
1.0933e-01,2.3745e-01,8.2947e-02,1.9555e-01,2.6020e-02,5.7230e-03,2.9996e-01,4.5882e-05,4.2813e-02,1.5862e-04
1.4122e-01,1.8501e-01,1.0572e-01,2.0521e-01,7.2909e-02,5.6747e-03,2.4793e-01,2.3402e-05,3.5192e-02,1.1146e-03
1.2468e-01,1.4855e-01,5.8579e-02,1.9941e-01,6.6883e-02,3.4721e-05,3.6814e-01,1.6411e-05,3.3503e-02,2.0166e-04
1.2890e-01,2.0617e-01,7.8202e-02,1.9044e-01,1.2560e-01,5.2940e-03,2.0943e-01,4.3242e-05,5.1790e-02,4.1395e-03
1.7444e-01,1.1920e-01,5.2842e-02,2.2702e-01,8.3367e-02,2.0240e-03,2.2367e-01,6.5366e-05,1.1508e-01,2.2898e-03
1.1539e-01,2.5949e-01,9.1364e-02,1.8080e-01,8.6096e-02,2.0509e-04,2.2721e-01,9.7227e-06,3.9402e-02,3.6452e-05
1.1344e-01,1.6919e-01,8.8668e-02,2.8252e-01,5.9935e-02,3.1461e-05,2.4231e-01,1.4327e-05,4.3834e-02,5.9286e-05
1.4985e-01,1.9600e-01,1.0441e-01,1.6181e-01,1.3320e-01,2.0381e-04,2.1053e-01,1.4256e-05,4.3931e-02,5.1592e-05
1.2551e-01,1.8889e-01,1.2854e-01,2.4036e-01,7.3136e-02,4.3313e-04,2.1462e-01,2.4912e-05,2.6103e-02,2.3843e-03
1.3775e-01,1.6968e-01,9.4083e-02,1.7385e-01,1.0661e-01,4.2307e-05,2.5920e-01,1.6333e-05,5.8724e-02,5.9606e-05
1.3421e-01,1.7338e-01,1.2895e-01,1.9766e-01,7.8287e-02,1.4811e-04,2.4067e-01,2.5601e-05,4.6615e-02,5.1693e-05
9.8490e-02,1.6647e-01,9.7051e-02,1.9574e-01,7.5502e-02,5.8935e-06,3.1026e-01,2.0803e-05,5.6446e-02,9.4774e-06
1.6115e-01,1.7314e-01,8.0213e-02,1.6850e-01,5.9656e-02,6.4894e-05,2.8729e-01,1.9660e-05,6.9923e-02,3.8581e-05
1.1264e-01,1.7808e-01,6.6600e-02,2.0213e-01,7.9453e-02,6.9838e-03,2.9554e-01,2.5988e-05,5.8158e-02,4.0160e-04
1.3863e-01,1.8199e-01,9.7813e-02,1.4310e-01,9.4130e-02,1.4903e-04,2.9162e-01,1.1837e-05,5.2087e-02,4.7450e-04
1.2238e-01,9.9453e-02,8.7756e-02,2.4353e-01,7.2582e-02,3.1258e-04,2.9151e-01,7.8213e-05,8.2128e-02,2.6240e-04
1.6377e-01,1.8634e-01,1.3689e-01,1.9693e-01,8.7593e-02,4.8441e-03,1.8222e-01,7.4261e-05,4.1252e-02,8.0609e-05
1.4854e-01,2.3235e-01,1.0826e-01,1.5207e-01,7.2007e-02,1.1432e-03,2.1471e-01,4.6265e-05,7.0785e-02,1.0152e-04
2.0215e-01,2.2869e-01,9.2937e-02,1.4447e-01,1.2281e-01,1.4773e-03,1.7267e-01,3.2480e-04,3.4331e-02,1.3947e-04
1.1459e-01,1.3088e-01,7.7017e-02,2.7409e-01,7.2468e-02,4.5310e-05,2.8026e-01,2.7312e-05,5.0583e-02,3.1442e-05
1.3674e-01,1.0397e-01,1.1341e-01,1.6044e-01,9.0879e-02,2.8712e-03,3.4733e-01,1.4755e-05,4.4339e-02,1.3878e-05
1.2572e-01,1.8134e-01,1.1365e-01,2.2950e-01,1.0286e-01,7.6553e-04,2.3395e-01,2.2636e-05,1.1363e-02,8.3921e-04
1.4625e-01,1.4218e-01,1.1317e-01,1.9982e-01,7.6351e-02,5.2169e-03,2.6684e-01,6.7773e-05,5.0055e-02,4.2275e-05
1.3000e-01,1.8042e-01,1.2135e-01,1.7776e-01,6.9395e-02,4.5294e-04,2.6066e-01,8.8584e-05,5.9831e-02,4.3383e-05
1.8686e-01,1.5594e-01,1.1032e-01,1.8836e-01,1.0193e-01,1.7883e-03,2.1978e-01,6.9540e-04,3.4318e-02,2.3703e-05
1.2143e-01,1.3813e-01,9.2357e-02,1.9620e-01,9.0358e-02,1.3424e-04,3.0046e-01,1.0264e-05,6.0543e-02,3.7718e-04
1.1938e-01,1.3395e-01,7.8830e-02,1.7157e-01,8.9996e-02,1.1691e-04,3.5389e-01,7.0829e-06,5.2192e-02,7.7468e-05
1.4292e-01,1.1861e-01,1.1853e-01,2.0341e-01,8.5225e-02,1.5211e-03,2.7663e-01,5.0162e-05,5.3056e-02,4.2065e-05
1.2674e-01,1.1196e-01,1.4240e-01,1.4751e-01,1.0220e-01,5.0002e-03,2.9983e-01,2.1032e-05,6.3519e-02,8.1634e-04
1.4899e-01,1.6046e-01,8.1777e-02,1.4989e-01,1.0068e-01,3.8779e-05,3.1258e-01,3.9179e-05,4.3629e-02,1.9088e-03
1.4796e-01,1.6748e-01,7.8829e-02,2.2984e-01,1.1755e-01,9.1720e-05,2.2654e-01,2.3095e-05,3.1574e-02,1.0987e-04
1.4827e-01,1.2941e-01,1.2373e-01,1.7196e-01,1.2773e-01,3.2068e-04,2.3819e-01,1.6597e-05,6.0348e-02,1.2781e-05
1.3811e-01,1.0201e-01,1.2158e-01,1.5960e-01,9.1165e-02,8.3151e-04,3.1982e-01,4.8272e-05,6.6592e-02,2.3553e-04
1.5688e-01,1.8720e-01,9.6243e-02,1.4805e-01,1.1528e-01,2.3851e-04,2.4939e-01,1.3461e-04,4.6530e-02,5.9456e-05
1.0996e-01,1.6020e-01,7.9462e-02,1.6968e-01,8.2596e-02,4.9799e-03,3.2221e-01,6.4025e-06,7.0877e-02,2.2400e-05
1.3084e-01,1.2886e-01,6.9742e-02,2.2374e-01,1.3937e-01,1.3565e-05,2.7636e-01,2.6399e-05,3.0978e-02,6.4565e-05
1.2493e-01,1.2816e-01,9.1272e-02,2.4431e-01,6.9028e-02,3.5944e-05,3.0431e-01,3.5820e-05,3.7798e-02,1.2286e-04
1.3012e-01,1.5010e-01,5.9612e-02,1.7651e-01,1.6169e-01,1.5099e-04,2.5044e-01,7.1886e-06,7.1314e-02,4.9293e-05
1.4948e-01,1.5909e-01,1.1856e-01,1.7900e-01,8.9349e-02,1.3715e-04,2.5323e-01,1.3684e-05,5.0951e-02,1.9316e-04
1.3905e-01,1.4796e-01,6.4960e-02,1.7001e-01,1.8861e-01,1.1790e-04,2.4049e-01,2.5669e-05,4.8670e-02,1.0244e-04
1.6851e-01,1.2242e-01,1.3649e-01,1.8244e-01,9.5320e-02,1.5559e-04,2.5341e-01,2.9935e-06,4.0781e-02,4.7656e-04
1.2989e-01,1.3696e-01,1.2252e-01,1.6505e-01,1.4957e-01,1.3059e-04,2.4498e-01,4.7001e-06,5.0867e-02,2.6260e-05
1.3697e-01,1.4396e-01,8.8142e-02,1.8608e-01,1.0152e-01,1.7559e-05,3.0657e-01,8.3047e-04,3.5899e-02,1.3834e-05
1.1925e-01,1.4133e-01,8.3896e-02,1.6618e-01,1.1150e-01,9.7357e-04,3.3942e-01,6.3254e-06,3.7396e-02,5.2998e-05
1.3520e-01,1.3304e-01,9.7326e-02,1.4004e-01,1.0566e-01,8.7939e-05,3.1658e-01,1.3974e-04,7.1753e-02,1.6894e-04
1.4347e-01,1.4454e-01,1.1250e-01,1.6812e-01,8.2758e-02,2.3817e-03,3.1299e-01,8.2551e-05,3.2723e-02,4.4845e-04
1.4605e-01,1.0921e-01,1.0368e-01,2.0165e-01,9.0789e-02,8.6269e-04,2.9244e-01,7.9681e-06,5.5241e-02,5.8551e-05
1.1454e-01,1.7520e-01,1.1289e-01,1.4789e-01,7.9931e-02,3.4864e-04,3.1326e-01,3.0593e-05,5.0590e-02,5.3160e-03
9.0859e-02,1.3816e-01,1.3828e-01,1.8948e-01,1.1623e-01,1.3266e-03,2.7468e-01,2.0609e-05,4.7114e-02,3.8432e-03
1.1931e-01,1.3825e-01,8.6564e-02,1.8242e-01,9.3516e-02,5.8178e-05,3.1373e-01,1.2176e-05,6.6103e-02,2.7733e-05
1.5730e-01,1.6297e-01,7.8135e-02,1.4291e-01,9.7763e-02,4.9080e-03,3.2842e-01,2.2096e-05,2.7372e-02,1.9960e-04
1.1979e-01,1.3156e-01,1.7517e-01,2.0036e-01,8.8003e-02,5.2261e-03,2.0792e-01,2.6079e-05,7.1830e-02,1.1228e-04
1.7044e-01,1.6739e-01,1.1098e-01,1.5316e-01,9.6849e-02,1.9167e-04,2.5480e-01,3.1614e-05,4.6070e-02,9.1209e-05
1.0163e-01,1.2614e-01,9.8918e-02,2.2963e-01,1.3529e-01,3.4106e-05,2.5577e-01,9.4178e-04,5.1619e-02,2.2407e-05
1.2125e-01,1.3738e-01,1.0361e-01,1.6360e-01,1.0928e-01,1.3282e-05,3.1499e-01,1.0165e-05,4.4986e-02,4.8947e-03
1.8755e-01,1.2356e-01,1.5181e-01,1.9088e-01,1.1323e-01,8.7998e-06,1.7161e-01,1.9156e-06,6.1243e-02,1.0923e-04
2.1501e-01,1.3755e-01,1.1652e-01,1.5402e-01,1.4769e-01,8.1811e-06,1.8670e-01,6.1871e-07,4.2487e-02,2.9736e-06
1.1152e-01,1.6705e-01,9.9798e-02,2.2038e-01,1.3776e-01,7.5977e-04,2.1287e-01,2.3287e-05,4.9795e-02,5.4741e-05
8.9169e-02,1.5078e-01,1.2703e-01,2.1175e-01,1.1866e-01,2.2782e-05,2.5312e-01,2.6902e-05,4.9289e-02,1.5516e-04
1.4688e-01,1.5885e-01,8.4391e-02,1.4543e-01,1.3067e-01,2.5112e-03,2.7546e-01,4.2182e-06,5.3251e-02,2.5461e-03
1.0720e-01,1.4853e-01,1.1212e-01,2.5066e-01,1.5647e-01,1.8701e-05,1.8462e-01,2.3641e-05,3.9775e-02,5.9431e-04
1.1061e-01,1.5082e-01,8.5090e-02,1.9011e-01,1.5868e-01,1.7811e-05,2.9400e-01,6.1598e-06,1.0635e-02,2.5586e-05
1.1834e-01,1.3531e-01,1.2762e-01,2.0539e-01,7.5974e-02,1.3127e-05,2.9402e-01,1.6974e-05,4.3312e-02,1.6822e-05
1.0298e-01,1.6712e-01,1.0563e-01,2.0905e-01,8.4751e-02,3.1383e-05,2.9632e-01,4.1512e-06,3.4072e-02,4.5163e-05
1.1641e-01,1.5811e-01,8.1729e-02,1.8192e-01,5.4286e-02,1.9605e-05,3.5976e-01,9.3735e-06,4.7671e-02,7.9951e-05
1.3979e-01,1.4626e-01,1.2967e-01,2.1734e-01,9.8431e-02,3.6304e-04,2.2387e-01,3.7073e-06,4.4261e-02,1.2337e-05
1.2925e-01,1.2542e-01,1.9402e-01,1.7189e-01,9.4182e-02,1.6857e-04,2.1704e-01,1.3883e-05,5.9734e-02,8.2959e-03
1.2920e-01,1.0133e-01,9.0054e-02,1.7982e-01,1.1613e-01,5.1451e-05,3.3923e-01,1.0442e-05,4.4089e-02,8.4866e-05
1.1382e-01,1.3803e-01,8.1028e-02,1.6065e-01,1.8640e-01,4.9845e-05,2.3545e-01,2.3054e-05,8.4292e-02,2.6329e-04
1.6777e-01,1.4022e-01,9.5780e-02,1.7872e-01,1.1109e-01,1.9526e-05,2.7605e-01,1.2238e-05,3.0311e-02,3.7813e-05
1.5397e-01,1.7763e-01,1.0393e-01,1.4624e-01,1.0297e-01,3.3943e-05,2.6594e-01,1.2428e-05,4.8926e-02,3.6319e-04
1.5856e-01,1.2259e-01,5.2319e-02,2.0818e-01,1.0926e-01,1.5321e-05,3.1617e-01,5.9275e-06,3.2723e-02,1.7424e-04
1.7475e-01,1.4029e-01,9.2122e-02,1.8356e-01,1.1350e-01,1.7023e-05,2.4862e-01,2.4106e-05,4.6766e-02,3.4926e-04
1.5874e-01,1.2339e-01,1.1625e-01,1.7479e-01,1.2443e-01,8.2415e-05,2.4642e-01,3.5025e-05,5.3343e-02,2.5229e-03
1.1318e-01,1.6601e-01,1.1613e-01,1.6899e-01,8.4606e-02,6.9170e-05,2.5363e-01,1.0522e-05,9.7311e-02,6.7290e-05
1.0346e-01,1.3028e-01,9.0181e-02,1.8374e-01,9.7516e-02,1.1772e-05,3.5150e-01,1.3621e-06,4.3269e-02,4.7022e-05
1.2050e-01,1.6151e-01,8.5174e-02,2.1391e-01,1.0301e-01,3.3128e-05,2.4745e-01,2.4238e-05,6.3300e-02,5.0913e-03
1.0791e-01,1.4559e-01,6.4767e-02,2.4335e-01,6.8071e-02,5.4437e-05,3.2507e-01,1.5748e-05,4.5154e-02,1.6974e-05
1.5308e-01,1.4051e-01,7.1515e-02,1.9321e-01,8.1032e-02,2.3584e-05,3.2429e-01,3.2466e-06,3.6336e-02,1.0817e-05
1.5178e-01,1.3221e-01,6.7243e-02,2.1718e-01,1.6175e-01,2.9048e-05,2.2178e-01,1.2003e-05,4.3648e-02,4.3764e-03
1.3172e-01,1.2407e-01,1.4195e-01,2.3495e-01,1.0704e-01,7.3236e-05,1.9315e-01,2.0114e-05,6.6873e-02,1.4558e-04
1.3140e-01,1.4775e-01,9.5585e-02,2.1934e-01,9.7092e-02,2.8948e-04,2.5822e-01,1.3535e-05,4.9796e-02,5.1682e-04
1.3615e-01,1.6519e-01,6.4223e-02,1.9494e-01,9.2864e-02,2.7064e-05,3.0331e-01,4.9263e-06,4.3144e-02,1.4566e-04
1.4479e-01,1.3645e-01,5.7956e-02,2.2896e-01,1.1054e-01,1.1969e-04,2.4715e-01,7.3681e-06,7.3827e-02,1.8768e-04
1.6060e-01,1.5708e-01,7.7738e-02,1.3541e-01,1.6072e-01,1.5428e-05,2.8095e-01,1.0714e-04,2.6139e-02,1.2383e-03
1.4758e-01,1.7694e-01,4.1872e-02,2.4156e-01,7.5700e-02,1.9800e-04,2.6478e-01,8.9610e-06,4.7779e-02,3.5795e-03
1.6701e-01,1.5404e-01,7.6069e-02,1.7943e-01,1.2395e-01,2.1093e-05,2.5078e-01,8.2482e-06,4.8408e-02,2.8184e-04
1.1763e-01,1.3003e-01,9.2875e-02,1.7736e-01,1.2748e-01,2.4204e-05,3.0907e-01,6.1236e-06,4.5495e-02,2.9970e-05
1.3871e-01,1.4575e-01,6.9495e-02,1.6931e-01,6.7670e-02,3.8490e-03,3.6834e-01,1.9817e-05,3.6299e-02,5.5539e-04
1.3583e-01,1.3617e-01,1.2098e-01,1.7826e-01,8.9349e-02,5.8408e-05,2.7790e-01,6.6270e-06,5.6560e-02,4.8853e-03
1.1305e-01,1.7318e-01,1.4419e-01,2.1393e-01,6.4436e-02,5.7159e-03,2.4741e-01,2.8792e-05,3.7790e-02,2.6052e-04
1.4301e-01,1.4324e-01,1.4326e-01,1.9988e-01,5.1841e-02,1.0939e-04,2.6726e-01,9.5507e-05,5.0706e-02,6.0685e-04
1.2264e-01,1.3917e-01,1.1044e-01,1.7091e-01,9.0790e-02,2.9065e-04,3.1832e-01,6.6079e-06,4.2210e-02,5.2264e-03
1.0658e-01,1.4163e-01,9.2956e-02,2.0151e-01,1.5339e-01,1.6582e-03,2.4769e-01,1.5306e-04,5.0816e-02,3.6196e-03
1.5898e-01,1.6612e-01,1.0160e-01,2.3523e-01,8.9547e-02,3.7809e-03,2.1620e-01,2.0335e-04,2.7787e-02,5.4287e-04
9.5932e-02,1.2054e-01,1.2444e-01,1.8120e-01,1.1190e-01,1.3447e-03,2.9759e-01,2.4084e-04,6.5857e-02,9.5685e-04
1.2839e-01,1.5493e-01,9.4695e-02,2.1093e-01,1.2010e-01,1.7007e-05,2.5527e-01,1.9409e-05,3.5371e-02,2.6764e-04
1.4762e-01,1.1910e-01,1.3775e-01,2.5006e-01,6.8416e-02,1.6335e-03,1.9745e-01,1.0625e-05,7.7881e-02,7.8763e-05
1.7547e-01,1.4644e-01,1.2559e-01,1.8449e-01,1.1555e-01,3.9562e-04,2.0525e-01,2.0886e-05,4.6665e-02,1.2837e-04
1.5784e-01,1.6969e-01,7.8160e-02,2.1897e-01,1.1541e-01,2.8722e-04,2.1347e-01,3.2409e-05,4.5988e-02,1.6173e-04
1.0779e-01,1.5059e-01,1.1604e-01,2.6461e-01,1.0143e-01,8.7259e-05,2.1667e-01,1.4022e-04,4.2069e-02,5.7352e-04
1.1115e-01,1.6403e-01,1.5181e-01,1.8907e-01,8.7311e-02,8.1642e-05,2.7525e-01,1.4871e-05,2.1135e-02,1.5832e-04
1.0624e-01,1.4192e-01,8.3274e-02,2.0719e-01,7.6793e-02,3.4657e-05,3.4131e-01,6.4357e-05,4.3057e-02,1.1487e-04
1.4571e-01,1.6697e-01,1.0265e-01,2.3642e-01,8.5230e-02,1.6748e-05,1.9028e-01,8.5859e-06,7.2682e-02,2.8119e-05
1.1918e-01,1.1880e-01,1.1562e-01,2.5248e-01,9.5496e-02,2.5077e-04,2.3923e-01,2.2470e-05,5.5384e-02,3.5477e-03
9.5700e-02,2.0465e-01,1.2090e-01,2.2669e-01,8.0928e-02,8.4689e-05,2.2308e-01,2.5636e-05,4.7839e-02,1.0068e-04
1.7215e-01,1.8269e-01,1.1205e-01,1.5547e-01,1.0138e-01,4.1183e-05,2.3221e-01,2.6575e-05,4.3961e-02,2.6220e-05
1.1925e-01,1.5864e-01,1.2734e-01,1.8655e-01,8.0772e-02,3.7070e-05,2.3446e-01,6.4974e-06,9.2889e-02,5.4140e-05
1.4881e-01,1.3128e-01,1.1837e-01,1.9016e-01,8.8713e-02,3.3462e-05,2.8870e-01,5.2544e-05,3.2880e-02,1.0021e-03
9.2588e-02,1.5756e-01,1.4035e-01,1.8935e-01,1.2974e-01,2.5089e-04,2.5090e-01,5.2779e-05,3.8383e-02,8.2041e-04
1.4243e-01,1.3781e-01,1.3219e-01,1.8672e-01,9.1605e-02,9.1622e-04,2.6429e-01,7.5261e-05,4.1098e-02,2.8645e-03
1.0563e-01,1.4871e-01,7.1890e-02,2.6630e-01,8.5880e-02,5.1503e-03,2.8163e-01,5.9688e-06,3.4756e-02,5.4875e-05
1.3751e-01,1.6334e-01,1.1866e-01,1.3037e-01,1.0177e-01,1.4336e-03,2.9749e-01,8.7907e-06,4.4327e-02,5.0816e-03
1.5918e-01,1.1776e-01,1.1745e-01,2.2597e-01,8.3896e-02,4.8140e-05,2.3142e-01,7.9732e-06,6.4229e-02,3.4809e-05
1.3720e-01,1.4114e-01,1.1533e-01,1.8754e-01,1.2182e-01,5.2715e-04,2.4621e-01,4.7665e-05,5.0019e-02,1.6122e-04
1.2218e-01,1.8181e-01,1.2147e-01,2.1058e-01,6.8092e-02,1.1771e-03,2.6238e-01,1.3089e-05,3.2071e-02,2.3004e-04
1.5811e-01,1.2514e-01,1.7199e-01,1.9655e-01,5.6867e-02,1.3172e-05,2.7309e-01,2.8642e-06,1.8199e-02,4.6874e-05
7.3826e-02,1.6255e-01,5.0687e-02,2.3032e-01,9.4529e-02,4.9843e-05,3.5061e-01,5.1576e-06,3.6778e-02,6.4894e-04
8.4576e-02,1.9088e-01,9.4090e-02,2.2201e-01,9.7696e-02,4.9517e-03,2.8381e-01,3.3935e-05,2.0583e-02,1.3756e-03
1.1167e-01,1.2927e-01,9.0397e-02,2.1239e-01,1.0863e-01,7.6274e-05,3.0586e-01,2.5888e-05,4.1288e-02,3.9020e-04
1.4740e-01,1.1706e-01,8.2265e-02,1.8265e-01,7.2984e-02,4.1206e-03,3.3272e-01,5.2814e-04,6.0069e-02,2.0262e-04
1.1112e-01,1.2849e-01,9.2668e-02,1.7860e-01,1.2482e-01,1.8991e-05,3.2670e-01,1.0517e-05,3.7508e-02,6.5476e-05
1.3793e-01,1.3548e-01,8.8975e-02,2.2392e-01,1.0931e-01,4.9314e-03,2.5190e-01,2.3460e-05,4.7167e-02,3.7078e-04
1.3062e-01,1.3262e-01,8.7602e-02,2.3168e-01,1.3857e-01,1.4603e-03,2.4564e-01,1.9477e-04,3.1396e-02,2.0518e-04
1.4743e-01,2.0825e-01,9.1131e-02,2.0054e-01,8.2747e-02,2.0014e-03,2.2907e-01,7.2026e-06,3.6030e-02,2.7946e-03
1.5627e-01,1.1202e-01,1.4877e-01,1.8449e-01,1.5682e-01,6.4282e-05,2.1518e-01,1.5977e-06,2.6355e-02,2.1563e-05
1.0248e-01,1.3804e-01,1.2909e-01,2.2335e-01,1.0545e-01,1.0587e-04,2.5266e-01,5.5362e-05,4.8515e-02,2.5844e-04
1.3330e-01,1.5089e-01,9.4779e-02,2.4627e-01,5.7295e-02,3.9465e-06,2.9777e-01,4.1404e-07,1.9693e-02,4.0082e-07
1.2842e-01,1.6088e-01,7.1213e-02,2.5024e-01,9.3581e-02,4.5405e-05,2.4780e-01,1.5062e-05,4.2849e-02,4.9414e-03
1.2033e-01,1.4411e-01,1.0618e-01,2.5751e-01,1.0205e-01,1.9551e-03,2.4892e-01,9.1414e-06,1.8328e-02,5.9075e-04
1.1496e-01,1.2917e-01,1.7544e-01,1.7654e-01,1.3607e-01,1.6083e-04,2.3285e-01,5.0220e-05,3.4048e-02,7.0757e-04
1.1629e-01,1.6144e-01,1.3677e-01,2.4243e-01,1.1407e-01,1.2733e-04,1.9485e-01,7.8266e-05,3.2962e-02,9.9470e-04
1.0445e-01,1.5583e-01,5.6656e-02,2.5994e-01,1.2345e-01,1.9125e-05,2.7098e-01,3.6055e-04,2.7299e-02,1.0186e-03
1.6045e-01,1.4462e-01,1.0964e-01,1.7269e-01,1.1719e-01,4.7551e-04,2.6920e-01,8.1459e-05,2.1094e-02,4.5652e-03
1.0252e-01,1.6186e-01,9.7872e-02,2.0151e-01,9.6494e-02,9.4145e-05,2.8198e-01,2.2647e-05,5.6442e-02,1.2021e-03
1.6319e-01,1.2564e-01,8.9714e-02,1.8263e-01,1.2959e-01,2.3568e-03,2.6164e-01,3.7890e-04,4.4556e-02,3.0705e-04
1.0640e-01,2.0111e-01,8.6058e-02,1.6291e-01,1.3502e-01,6.9535e-04,2.4874e-01,1.9258e-05,5.8905e-02,1.4169e-04
1.1652e-01,1.4867e-01,9.8981e-02,1.7634e-01,1.3914e-01,4.4105e-03,2.6613e-01,3.3422e-05,4.9683e-02,8.9133e-05
1.2734e-01,1.7003e-01,1.2516e-01,1.5819e-01,1.2304e-01,2.0190e-04,2.2008e-01,4.4299e-05,7.5226e-02,6.9657e-04
1.4023e-01,1.6805e-01,7.2594e-02,1.7698e-01,1.4601e-01,3.0111e-04,2.3634e-01,4.8041e-06,5.9391e-02,8.8475e-05
1.1684e-01,1.6137e-01,7.7169e-02,2.3252e-01,1.2119e-01,9.1901e-03,2.2717e-01,5.2029e-05,4.8647e-02,5.8422e-03
9.2860e-02,1.6572e-01,7.5881e-02,2.1942e-01,1.0728e-01,2.3955e-03,2.9091e-01,2.5423e-05,4.5467e-02,4.0545e-05
1.0881e-01,1.2653e-01,1.1145e-01,1.8534e-01,1.4594e-01,2.9029e-04,2.6658e-01,1.4759e-05,4.9091e-02,5.9616e-03
1.1278e-01,1.4274e-01,1.1728e-01,1.9213e-01,1.1599e-01,3.0397e-03,2.6129e-01,2.1508e-05,4.4771e-02,9.9566e-03
1.1263e-01,1.8356e-01,1.5014e-01,2.3382e-01,9.1477e-02,2.0550e-05,1.9720e-01,1.2133e-05,3.1086e-02,5.5473e-05
1.0980e-01,1.8839e-01,1.0564e-01,1.4082e-01,1.5014e-01,4.3878e-03,2.5688e-01,1.1631e-05,4.3890e-02,3.9347e-05
1.0649e-01,1.3858e-01,8.0531e-02,2.1130e-01,1.1854e-01,3.6404e-04,2.7674e-01,2.2487e-05,6.5706e-02,1.7353e-03
1.0219e-01,1.3078e-01,1.1060e-01,2.2420e-01,1.4014e-01,7.6650e-04,2.4993e-01,1.0730e-05,4.1330e-02,4.0201e-05
1.2602e-01,1.5146e-01,1.1838e-01,1.7690e-01,1.1175e-01,3.3070e-04,2.6780e-01,3.5522e-05,4.6827e-02,5.0252e-04
1.3418e-01,1.3885e-01,1.1941e-01,2.2179e-01,1.0175e-01,4.6691e-05,2.2985e-01,8.7592e-05,5.3845e-02,1.9569e-04
7.5047e-02,1.4757e-01,1.9091e-01,2.2784e-01,9.6401e-02,6.1006e-03,2.0274e-01,9.4903e-05,5.2178e-02,1.1190e-03
1.0948e-01,1.4437e-01,1.4628e-01,2.3118e-01,7.1306e-02,5.1583e-04,2.3754e-01,3.7302e-05,5.0525e-02,8.7587e-03
9.6667e-02,1.3253e-01,8.6354e-02,2.6946e-01,1.1545e-01,7.2720e-03,2.6583e-01,1.0607e-05,2.6369e-02,5.4046e-05
1.2167e-01,1.1682e-01,1.3887e-01,2.0821e-01,1.2469e-01,8.1895e-03,2.2785e-01,1.6507e-05,5.0675e-02,2.9952e-03
1.0755e-01,1.4592e-01,1.5003e-01,2.2790e-01,8.2288e-02,1.5494e-04,2.4682e-01,1.3853e-04,3.6898e-02,2.2994e-03
1.2961e-01,1.6560e-01,1.8627e-01,1.5421e-01,1.0177e-01,1.6186e-04,2.2436e-01,1.8388e-05,3.7189e-02,8.1401e-04
1.3493e-01,1.2018e-01,1.0910e-01,2.2284e-01,1.0615e-01,6.0238e-03,2.3933e-01,7.6879e-05,6.0315e-02,1.0622e-03
1.2808e-01,1.2427e-01,1.0977e-01,1.9358e-01,1.2577e-01,6.3620e-03,2.4159e-01,6.2307e-05,6.8997e-02,1.5084e-03
1.3955e-01,1.8614e-01,1.3038e-01,1.9408e-01,1.3563e-01,1.3082e-03,1.7566e-01,4.8937e-04,3.6740e-02,2.1561e-05
1.0411e-01,1.3667e-01,1.4455e-01,2.0013e-01,9.5830e-02,2.0885e-05,2.7745e-01,1.1107e-05,4.1216e-02,2.1245e-05
1.1107e-01,1.0847e-01,1.1698e-01,2.2489e-01,1.2516e-01,2.0117e-04,2.9320e-01,1.9137e-06,1.9258e-02,7.6846e-04
1.1331e-01,1.6267e-01,1.1814e-01,2.1087e-01,1.3046e-01,1.5717e-04,2.1669e-01,8.3109e-06,4.2233e-02,5.4542e-03
1.3131e-01,1.4052e-01,1.2494e-01,1.9007e-01,7.8308e-02,5.1216e-03,2.8438e-01,1.0037e-04,4.5045e-02,2.1015e-04
9.9185e-02,1.7143e-01,1.0861e-01,2.2895e-01,1.0169e-01,3.7221e-04,2.5093e-01,2.0171e-06,3.8577e-02,2.5516e-04
1.2606e-01,1.5363e-01,1.1408e-01,2.0053e-01,1.4757e-01,2.6189e-03,2.3956e-01,1.1509e-04,1.5298e-02,5.3407e-04
9.9712e-02,1.0826e-01,9.9618e-02,2.7519e-01,9.3402e-02,1.3310e-04,2.7861e-01,3.1345e-04,4.2803e-02,1.9621e-03
8.2024e-02,1.5907e-01,8.3595e-02,1.7722e-01,1.1589e-01,5.6469e-03,3.2102e-01,2.5370e-05,4.7307e-02,8.2044e-03
1.0857e-01,1.7573e-01,7.0308e-02,2.0133e-01,8.6780e-02,4.2046e-04,3.3481e-01,2.1569e-04,2.1397e-02,4.3639e-04
9.1137e-02,1.8854e-01,1.4340e-01,1.8880e-01,1.1548e-01,1.7577e-04,2.3789e-01,7.1305e-05,2.9403e-02,5.0960e-03
1.1063e-01,1.5496e-01,1.3014e-01,2.4064e-01,1.1702e-01,7.2751e-04,1.9286e-01,7.0477e-04,4.4613e-02,7.7018e-03
1.4143e-01,1.5766e-01,1.1979e-01,2.2331e-01,7.7638e-02,8.4022e-04,2.5322e-01,1.2247e-05,2.1912e-02,4.1850e-03
1.4224e-01,1.5144e-01,1.0836e-01,2.2753e-01,1.1015e-01,9.6725e-06,2.4241e-01,6.3644e-06,1.7808e-02,4.4509e-05
1.1621e-01,1.3164e-01,9.8521e-02,2.3978e-01,9.9294e-02,1.9935e-04,2.5743e-01,1.2288e-05,5.1549e-02,5.3646e-03
1.1567e-01,1.4788e-01,1.2122e-01,2.2666e-01,1.1988e-01,1.4892e-05,2.3899e-01,6.4857e-06,2.9594e-02,9.1217e-05
1.2201e-01,1.4435e-01,1.5544e-01,1.9808e-01,1.1501e-01,8.1693e-04,2.1523e-01,5.5450e-05,4.8971e-02,3.4283e-05
1.1255e-01,1.3537e-01,1.4892e-01,2.0477e-01,8.8589e-02,5.4162e-05,2.4966e-01,1.5443e-05,5.7926e-02,2.1324e-03
1.0916e-01,1.6970e-01,1.1349e-01,2.0483e-01,8.9750e-02,2.6976e-04,2.3239e-01,5.4922e-05,7.5270e-02,5.0815e-03
1.1072e-01,2.0956e-01,1.0719e-01,1.7176e-01,1.2985e-01,1.6933e-03,2.4520e-01,1.5384e-05,2.1675e-02,2.3295e-03
1.5131e-01,1.4001e-01,9.2936e-02,2.0635e-01,1.0120e-01,1.0966e-04,2.4857e-01,2.7825e-05,5.4345e-02,5.1455e-03
1.5498e-01,1.2308e-01,9.4396e-02,2.4232e-01,9.2682e-02,8.2905e-04,2.3726e-01,8.0835e-05,5.3468e-02,9.1629e-04
1.4433e-01,1.1731e-01,8.4006e-02,2.6217e-01,1.0386e-01,1.7406e-04,2.4752e-01,5.0823e-06,4.0547e-02,7.6013e-05
1.2746e-01,1.4199e-01,1.2776e-01,2.1932e-01,9.0333e-02,4.9638e-03,2.3916e-01,3.4029e-05,4.8871e-02,1.1144e-04
1.0604e-01,1.3143e-01,1.6886e-01,1.7797e-01,9.0620e-02,4.1960e-04,3.0334e-01,1.3946e-03,1.8244e-02,1.6774e-03
1.3224e-01,1.5312e-01,1.7262e-01,1.6974e-01,7.8789e-02,3.2920e-03,2.7426e-01,2.5610e-05,1.5214e-02,7.0281e-04
1.5038e-01,1.7582e-01,8.8602e-02,1.6605e-01,9.4523e-02,8.4328e-04,2.7144e-01,3.8637e-04,4.7531e-02,4.4292e-03
1.1864e-01,1.4298e-01,1.2486e-01,2.1955e-01,9.0257e-02,2.1400e-03,2.7547e-01,3.0355e-05,2.2599e-02,3.4804e-03
1.2610e-01,1.6666e-01,1.3220e-01,2.4788e-01,7.0871e-02,5.9256e-03,2.0061e-01,5.8663e-05,4.7114e-02,2.5753e-03
1.0008e-01,1.2154e-01,1.2653e-01,1.8804e-01,7.5879e-02,1.3312e-04,3.6281e-01,4.6894e-05,2.1293e-02,3.6596e-03
1.3569e-01,1.4422e-01,1.1649e-01,2.1065e-01,1.0669e-01,2.5431e-05,2.5747e-01,1.2308e-05,2.8733e-02,2.1218e-05
1.3110e-01,1.4312e-01,9.3237e-02,1.7830e-01,1.0924e-01,3.6100e-04,2.9421e-01,1.4491e-04,4.9785e-02,4.9916e-04
1.4876e-01,1.4862e-01,1.1965e-01,2.0379e-01,8.6487e-02,5.8048e-05,2.4093e-01,1.2433e-05,5.0924e-02,7.7634e-04
9.7713e-02,1.6610e-01,9.5533e-02,2.1577e-01,1.1582e-01,8.8815e-04,2.4305e-01,2.8499e-05,5.5810e-02,9.2904e-03
1.1783e-01,1.4919e-01,1.1025e-01,2.2547e-01,9.4619e-02,4.8808e-05,2.7829e-01,1.0143e-05,2.4165e-02,1.1644e-04
1.2385e-01,1.1270e-01,9.8638e-02,2.5827e-01,9.1978e-02,5.6800e-04,2.8369e-01,2.3483e-05,2.9162e-02,1.1148e-03
2.0112e-01,1.1134e-01,1.2064e-01,2.1710e-01,8.9373e-02,1.2497e-04,2.3820e-01,3.3069e-05,2.1916e-02,1.5508e-04
1.1560e-01,1.7902e-01,8.6328e-02,2.4994e-01,9.3315e-02,3.0102e-03,2.3819e-01,5.0060e-03,2.9565e-02,3.1138e-05
1.6077e-01,1.1337e-01,1.1362e-01,2.0289e-01,1.2797e-01,1.6293e-03,2.3383e-01,4.3816e-05,4.1924e-02,3.9650e-03
1.2738e-01,1.6112e-01,1.2203e-01,1.7469e-01,1.1576e-01,2.0923e-05,2.5070e-01,5.4930e-05,4.4385e-02,3.8612e-03
1.6007e-01,1.9748e-01,8.8198e-02,1.8798e-01,7.1016e-02,1.0213e-03,2.6820e-01,5.1842e-05,2.5953e-02,3.1753e-05
1.2881e-01,1.4903e-01,1.2720e-01,2.1250e-01,1.2663e-01,1.2806e-04,2.0530e-01,3.4612e-05,5.0088e-02,2.9386e-04
1.2944e-01,1.8622e-01,1.1664e-01,1.8201e-01,1.0630e-01,1.6840e-04,2.2806e-01,2.4331e-04,5.0891e-02,1.9634e-05
1.3404e-01,1.2316e-01,1.4905e-01,1.9241e-01,1.0586e-01,4.7012e-03,2.5891e-01,8.0073e-05,3.1550e-02,2.4682e-04
1.0538e-01,1.1647e-01,8.3724e-02,2.5739e-01,1.1056e-01,1.0012e-04,2.8797e-01,1.2166e-05,3.8171e-02,2.2179e-04
7.2618e-02,1.2409e-01,1.2785e-01,1.8238e-01,1.2544e-01,5.0533e-03,2.9383e-01,8.4955e-05,6.4616e-02,4.0471e-03
1.5720e-01,1.7328e-01,7.6676e-02,2.0960e-01,1.0862e-01,3.5348e-04,2.3580e-01,2.8791e-05,3.5976e-02,2.4652e-03
1.2676e-01,1.5634e-01,9.1199e-02,1.6659e-01,1.2147e-01,5.6836e-04,3.0143e-01,1.6186e-05,3.5433e-02,1.9921e-04
1.4015e-01,1.5554e-01,9.6564e-02,2.2208e-01,1.1149e-01,7.0337e-03,2.3114e-01,9.9657e-04,2.8575e-02,6.4306e-03
1.2025e-01,1.8042e-01,1.0655e-01,2.4444e-01,1.1106e-01,2.3075e-05,2.0923e-01,1.2475e-05,2.3191e-02,4.8140e-03
1.0066e-01,1.5243e-01,1.0940e-01,2.0386e-01,1.4757e-01,2.4900e-04,2.5437e-01,1.4017e-05,3.1398e-02,4.0941e-05
1.2845e-01,1.4161e-01,7.4715e-02,1.9193e-01,1.0754e-01,3.2822e-03,3.2400e-01,6.1124e-05,2.5956e-02,2.4505e-03
1.1470e-01,1.2634e-01,1.2500e-01,1.9175e-01,8.1037e-02,2.5940e-04,3.0488e-01,3.2584e-05,5.4438e-02,1.5493e-03
1.0973e-01,1.3689e-01,1.2676e-01,2.1862e-01,8.6937e-02,2.5055e-05,2.6981e-01,1.8491e-05,5.0757e-02,4.5849e-04
1.2270e-01,1.4847e-01,1.2479e-01,2.0966e-01,1.0564e-01,4.6664e-05,2.2530e-01,1.9474e-05,6.0703e-02,2.6650e-03
1.1614e-01,1.3501e-01,1.2880e-01,1.9669e-01,1.1982e-01,2.6829e-05,2.6533e-01,7.6479e-06,3.8068e-02,1.1405e-04
1.0590e-01,1.4474e-01,1.1099e-01,1.9807e-01,1.5563e-01,8.7697e-05,2.4388e-01,1.0904e-04,4.0458e-02,1.4208e-04
1.2724e-01,1.4343e-01,1.0094e-01,2.2296e-01,1.2901e-01,2.8690e-05,2.0888e-01,1.7068e-05,6.7466e-02,3.9891e-05
1.3155e-01,1.3217e-01,1.3047e-01,2.0247e-01,1.1585e-01,1.4006e-03,2.4540e-01,2.1897e-05,3.9873e-02,7.9637e-04
8.8135e-02,1.3329e-01,1.6494e-01,2.0939e-01,1.1074e-01,2.6802e-05,2.3445e-01,6.7067e-06,5.8952e-02,6.6016e-05
1.1696e-01,1.1706e-01,1.0063e-01,2.3272e-01,1.1074e-01,2.3151e-05,2.7289e-01,4.0158e-06,4.8887e-02,8.5250e-05
1.6799e-01,1.2293e-01,1.2812e-01,1.5638e-01,9.2134e-02,8.5947e-04,2.6943e-01,2.2849e-04,5.6502e-02,5.4276e-03
1.4870e-01,1.5008e-01,1.0306e-01,2.0650e-01,1.4083e-01,1.0980e-04,2.1712e-01,9.1030e-06,3.3212e-02,3.8512e-04
9.5389e-02,1.6876e-01,6.9994e-02,2.2165e-01,1.1687e-01,2.5949e-03,2.7511e-01,1.7111e-03,4.5189e-02,2.7209e-03
1.0990e-01,9.4347e-02,1.4542e-01,1.4999e-01,1.1827e-01,5.0362e-03,3.2314e-01,1.4195e-05,5.3813e-02,6.7995e-05
1.4763e-01,1.3074e-01,1.2331e-01,2.1414e-01,1.0541e-01,1.2179e-03,2.4333e-01,4.4302e-05,3.3910e-02,2.6254e-04
9.6996e-02,1.5640e-01,1.1222e-01,1.8963e-01,1.3135e-01,1.9979e-04,2.5937e-01,4.5187e-06,5.0583e-02,3.2477e-03
1.2640e-01,1.6176e-01,1.3015e-01,1.8479e-01,8.3605e-02,3.6033e-05,2.9254e-01,3.8823e-06,2.0648e-02,6.5048e-05
1.0131e-01,1.5954e-01,1.4589e-01,2.5680e-01,8.6201e-02,2.9282e-05,1.7311e-01,2.6768e-05,7.6810e-02,2.7652e-04
1.7033e-01,1.2293e-01,1.2074e-01,1.8747e-01,1.0231e-01,1.0749e-04,2.5259e-01,6.4226e-06,3.8462e-02,5.0467e-03
1.3274e-01,1.4390e-01,1.4064e-01,1.9248e-01,1.4271e-01,5.4244e-05,2.0172e-01,1.9906e-04,4.0145e-02,5.4173e-03
1.1989e-01,1.7182e-01,1.1968e-01,1.9622e-01,1.1979e-01,2.1842e-04,2.3384e-01,7.8081e-06,3.8477e-02,4.7648e-05
1.0647e-01,1.5093e-01,1.1682e-01,2.2688e-01,1.3008e-01,8.6923e-03,2.1811e-01,9.8053e-05,4.1680e-02,2.4304e-04
1.4275e-01,1.1462e-01,1.6067e-01,2.0926e-01,1.0421e-01,7.4653e-05,2.1024e-01,1.4246e-05,5.8064e-02,9.8494e-05
1.2478e-01,1.3875e-01,1.2052e-01,1.8849e-01,1.3604e-01,1.4635e-05,2.4245e-01,1.0594e-05,4.8884e-02,6.3348e-05
1.7542e-01,1.1063e-01,1.0958e-01,1.7796e-01,1.2627e-01,4.7534e-05,2.5517e-01,3.9614e-06,4.4916e-02,9.6098e-06
1.0502e-01,1.6224e-01,1.2337e-01,2.1041e-01,8.2265e-02,4.8012e-04,2.5408e-01,2.3609e-05,5.7409e-02,4.7096e-03
1.1265e-01,1.2644e-01,1.2042e-01,2.3116e-01,1.3035e-01,4.0516e-05,2.3281e-01,1.7479e-05,4.5945e-02,1.6159e-04
1.3055e-01,1.8096e-01,1.1400e-01,1.8802e-01,1.2353e-01,1.9363e-05,2.3416e-01,3.7044e-05,2.8405e-02,3.1127e-04
1.3412e-01,1.3715e-01,9.7591e-02,2.6541e-01,1.0577e-01,4.7473e-05,2.1623e-01,1.7890e-04,4.3263e-02,2.4748e-04
1.1563e-01,1.0823e-01,1.2156e-01,1.9258e-01,1.4523e-01,5.0313e-03,2.7110e-01,2.9838e-05,4.0460e-02,1.4316e-04
1.5625e-01,1.7340e-01,1.2167e-01,1.5462e-01,1.3292e-01,3.5032e-03,2.2094e-01,2.7669e-05,3.5309e-02,1.3581e-03
1.2098e-01,1.3463e-01,7.9924e-02,2.1223e-01,1.1734e-01,1.7236e-04,2.8771e-01,1.3751e-05,4.5633e-02,1.3599e-03
1.0535e-01,1.7852e-01,1.1167e-01,1.9886e-01,1.1095e-01,1.7698e-04,2.7803e-01,1.5041e-05,1.6351e-02,9.4716e-05
1.0037e-01,1.6132e-01,1.2481e-01,2.1129e-01,6.7628e-02,6.4355e-05,2.6787e-01,1.1081e-04,6.2885e-02,3.6442e-03
1.3724e-01,1.6164e-01,1.3337e-01,2.2026e-01,9.4900e-02,8.6056e-04,2.2191e-01,1.0754e-04,2.5406e-02,4.2966e-03
1.3235e-01,1.5373e-01,9.2731e-02,1.9863e-01,1.3473e-01,3.7559e-04,2.5128e-01,5.3890e-05,3.5944e-02,1.7037e-04
9.6630e-02,1.4941e-01,9.5610e-02,2.3124e-01,1.7678e-01,1.4888e-05,1.8364e-01,9.3411e-06,6.6564e-02,9.5036e-05
1.1193e-01,1.6708e-01,1.7143e-01,1.6572e-01,1.2982e-01,5.0669e-03,2.2666e-01,5.0381e-05,2.2112e-02,1.3234e-04
1.8027e-01,1.2374e-01,1.2359e-01,1.6947e-01,1.3645e-01,1.4739e-04,2.2798e-01,8.5160e-05,3.7677e-02,6.0841e-04
1.2827e-01,1.2991e-01,1.5147e-01,2.3965e-01,1.1966e-01,6.7080e-04,1.7370e-01,2.6968e-04,5.5192e-02,1.2008e-03
1.5165e-01,1.1044e-01,1.6817e-01,2.1749e-01,1.0448e-01,1.1261e-04,1.9297e-01,2.6903e-05,5.4561e-02,7.9480e-05
1.6231e-01,9.6830e-02,1.2197e-01,2.2741e-01,7.3505e-02,4.0491e-04,2.7711e-01,1.0890e-05,4.0385e-02,5.3301e-05
1.3770e-01,1.3772e-01,1.3546e-01,2.0222e-01,9.6181e-02,1.0275e-04,2.1690e-01,5.0440e-05,7.3447e-02,2.1461e-04
8.8651e-02,1.5329e-01,1.1406e-01,2.0860e-01,1.7576e-01,8.5082e-05,2.3598e-01,2.8869e-05,2.2843e-02,7.0707e-04
1.5701e-01,1.3537e-01,1.1317e-01,1.7826e-01,8.7463e-02,9.8792e-05,2.5856e-01,4.1680e-05,6.9483e-02,5.4855e-04
1.2350e-01,1.4423e-01,8.4106e-02,2.6562e-01,1.2372e-01,1.6266e-04,2.3041e-01,7.0715e-04,2.7407e-02,1.3570e-04
1.2518e-01,1.2282e-01,1.2072e-01,2.0227e-01,1.2391e-01,5.8400e-05,2.5551e-01,1.0732e-05,4.9500e-02,2.7248e-05
1.0196e-01,1.6587e-01,1.0671e-01,1.9948e-01,1.1578e-01,5.5619e-03,2.5574e-01,1.7518e-04,4.7990e-02,7.3161e-04
1.6112e-01,1.9806e-01,1.0528e-01,1.9265e-01,1.0769e-01,9.0599e-04,2.0716e-01,1.1907e-04,2.5046e-02,1.9768e-03
1.2379e-01,1.5455e-01,1.3584e-01,1.9968e-01,8.5350e-02,7.6616e-05,2.5309e-01,2.3348e-05,4.7545e-02,5.4813e-05
1.0390e-01,1.4945e-01,1.3704e-01,1.6363e-01,1.3031e-01,5.5118e-03,2.4240e-01,5.4117e-05,5.8710e-02,8.9893e-03
1.1303e-01,1.4517e-01,1.5742e-01,1.6546e-01,1.5579e-01,3.5240e-03,2.2330e-01,4.3485e-04,3.5808e-02,5.4686e-05
1.0294e-01,1.6639e-01,1.1722e-01,2.0878e-01,1.3110e-01,1.1828e-03,2.3842e-01,1.2829e-04,3.1590e-02,2.2534e-03
1.4217e-01,1.1211e-01,1.1299e-01,2.2049e-01,1.1298e-01,5.4383e-05,2.6028e-01,6.2220e-05,3.3882e-02,4.9818e-03
8.6029e-02,1.5792e-01,1.3090e-01,2.6808e-01,9.2206e-02,5.0125e-03,2.0999e-01,6.0221e-05,4.9667e-02,1.3537e-04
1.0763e-01,1.2973e-01,1.1037e-01,2.2322e-01,1.3012e-01,5.1595e-04,2.4532e-01,5.2453e-05,5.2970e-02,6.7719e-05
