8.2520e-08,1.0842e-06,6.6248e-01,2.7243e-01,3.0165e-11,2.9940e-02,7.3301e-03,2.5262e-02,2.5600e-03,1.2093e-10
2.2967e-01,2.1745e-05,7.1924e-03,4.8354e-04,7.2588e-02,4.6451e-03,2.4330e-02,3.2530e-02,3.9905e-01,2.2950e-01
1.1014e-01,1.7017e-02,1.5022e-01,1.8783e-01,3.0654e-02,4.1717e-03,4.2287e-02,3.3299e-02,4.0792e-01,1.6469e-02
1.0394e-01,2.6440e-02,1.7793e-01,5.5544e-02,2.0211e-01,3.6651e-02,1.1035e-01,1.0862e-01,1.1001e-01,6.8392e-02
1.6773e-03,1.1055e-01,1.1312e-01,1.5486e-01,2.4213e-01,4.8334e-02,3.3944e-02,4.6673e-02,1.2663e-01,1.2210e-01
6.7655e-03,1.7983e-01,8.8102e-02,7.2936e-02,2.1429e-01,3.6565e-02,9.5393e-02,9.5801e-02,8.9917e-02,1.2040e-01
5.9668e-03,2.3674e-01,1.1675e-01,6.3145e-02,1.2251e-01,2.8264e-02,3.4363e-02,1.2720e-01,1.5824e-01,1.0683e-01
6.7483e-03,3.5949e-01,4.4032e-02,6.4729e-02,9.8706e-02,2.5294e-02,3.7192e-02,7.6131e-02,1.3331e-01,1.5437e-01
1.1699e-02,3.2183e-01,3.8686e-02,6.2792e-02,8.9944e-02,3.2122e-02,4.1358e-02,9.2031e-02,1.9880e-01,1.1074e-01
1.0887e-02,2.8047e-01,4.9767e-02,3.8061e-02,1.0422e-01,2.6560e-02,6.3133e-02,1.2093e-01,2.3065e-01,7.5325e-02
3.7669e-03,3.0549e-01,3.9525e-02,5.6857e-02,1.0037e-01,4.3596e-02,6.0225e-02,9.1422e-02,2.2425e-01,7.4495e-02
1.3729e-02,3.2366e-01,2.6188e-02,8.9524e-02,8.4184e-02,4.2315e-02,6.3964e-02,1.1308e-01,1.7108e-01,7.2268e-02
3.1445e-02,2.7599e-01,3.7254e-02,7.7868e-02,8.1947e-02,7.4121e-02,3.3425e-02,8.9748e-02,1.9649e-01,1.0171e-01
9.3286e-03,2.5933e-01,2.5255e-02,8.4858e-02,1.2200e-01,6.6977e-02,4.4143e-02,7.9853e-02,2.2004e-01,8.8217e-02
1.9143e-02,3.7847e-01,5.2580e-02,7.1518e-02,6.6588e-02,3.6247e-02,4.5575e-02,8.9375e-02,1.7145e-01,6.9051e-02
3.7261e-03,3.8034e-01,6.0684e-02,8.1618e-02,8.6330e-02,1.8188e-02,3.2904e-02,1.1380e-01,1.5562e-01,6.6792e-02
3.0689e-02,3.0312e-01,3.8165e-02,8.9001e-02,1.0500e-01,8.5550e-02,4.7500e-02,6.4198e-02,1.6387e-01,7.2914e-02
3.2922e-02,2.6449e-01,3.8702e-02,1.1850e-01,7.4953e-02,6.4146e-02,3.6242e-02,8.8149e-02,1.7676e-01,1.0514e-01
4.2162e-02,2.0325e-01,6.3528e-02,1.0411e-01,8.4810e-02,8.9522e-02,4.9746e-02,7.4353e-02,2.0040e-01,8.8121e-02
9.9985e-03,2.4457e-01,5.4505e-02,1.1437e-01,7.8109e-02,7.2805e-02,4.3036e-02,8.3422e-02,1.9582e-01,1.0337e-01
3.5028e-02,1.9266e-01,7.3877e-02,1.2983e-01,7.5221e-02,8.9559e-02,4.1785e-02,9.4479e-02,1.8333e-01,8.4230e-02
2.2995e-02,2.3197e-01,6.0938e-02,1.8124e-01,4.8415e-02,8.2528e-02,7.4522e-02,4.2829e-02,1.7217e-01,8.2389e-02
2.7634e-02,2.2661e-01,5.2854e-02,7.3945e-02,5.7342e-02,6.9052e-02,1.0308e-01,5.5122e-02,2.6344e-01,7.0933e-02
1.4795e-02,2.1117e-01,6.2023e-02,1.3090e-01,5.9048e-02,1.0532e-01,8.4583e-02,5.1113e-02,1.8544e-01,9.5611e-02
3.5079e-02,2.1814e-01,9.1603e-02,9.9977e-02,4.6544e-02,7.7914e-02,7.4040e-02,6.9253e-02,2.1340e-01,7.4058e-02
5.0099e-02,1.4344e-01,4.8129e-02,1.2986e-01,6.5028e-02,8.2932e-02,8.0431e-02,7.0562e-02,2.0209e-01,1.2744e-01
4.3268e-02,1.8725e-01,5.3537e-02,9.5622e-02,8.5968e-02,1.0404e-01,8.4970e-02,5.5290e-02,1.9208e-01,9.7985e-02
3.9235e-02,1.4086e-01,1.0550e-01,1.0882e-01,7.1752e-02,7.3473e-02,8.6714e-02,7.3967e-02,2.0109e-01,9.8589e-02
3.9699e-02,1.9263e-01,8.8177e-02,1.2392e-01,3.8733e-02,1.0800e-01,1.0387e-01,7.3302e-02,1.8053e-01,5.1144e-02
5.6978e-02,1.5687e-01,5.4145e-02,1.1157e-01,7.5638e-02,8.1074e-02,9.6398e-02,9.1825e-02,1.7275e-01,1.0275e-01
4.7107e-02,1.8094e-01,8.6610e-02,1.2537e-01,6.5882e-02,7.5469e-02,7.6582e-02,7.0092e-02,2.0258e-01,6.9374e-02
5.6737e-02,1.6754e-01,7.4790e-02,1.4067e-01,6.4501e-02,8.3911e-02,7.7918e-02,7.4347e-02,1.8462e-01,7.4966e-02
5.7644e-02,1.2374e-01,6.6821e-02,1.2563e-01,5.2294e-02,9.1949e-02,9.1484e-02,7.0310e-02,2.2443e-01,9.5701e-02
6.0793e-02,1.5264e-01,3.6333e-02,1.3060e-01,8.3873e-02,7.0622e-02,8.4130e-02,6.6947e-02,2.5066e-01,6.3398e-02
8.8750e-02,1.1341e-01,5.2213e-02,1.2849e-01,7.6785e-02,9.8276e-02,8.5250e-02,6.2066e-02,2.0164e-01,9.3111e-02
5.7876e-02,1.1313e-01,8.3918e-02,1.3886e-01,6.1482e-02,1.0200e-01,6.7014e-02,3.4942e-02,2.6659e-01,7.4189e-02
8.0014e-02,1.5287e-01,6.2340e-02,1.4943e-01,2.9757e-02,1.2823e-01,7.4830e-02,5.9731e-02,1.6838e-01,9.4407e-02
6.4458e-02,1.4046e-01,6.5646e-02,1.3983e-01,7.1066e-02,1.0514e-01,7.4058e-02,7.1808e-02,2.1121e-01,5.6318e-02
5.2529e-02,1.6832e-01,8.0651e-02,1.4786e-01,5.0348e-02,8.0221e-02,7.3658e-02,7.9929e-02,2.0864e-01,5.7846e-02
3.1470e-02,1.3850e-01,7.9445e-02,2.1383e-01,5.4408e-02,7.2757e-02,6.8449e-02,5.4312e-02,2.1802e-01,6.8807e-02
5.3413e-02,1.4131e-01,7.0299e-02,1.6327e-01,8.3382e-02,2.7667e-02,7.1981e-02,1.1022e-01,2.0119e-01,7.7269e-02
5.9348e-02,1.7000e-01,6.4014e-02,1.2314e-01,2.7371e-02,7.7197e-02,8.0633e-02,4.5618e-02,2.6160e-01,9.1075e-02
9.4041e-02,1.5848e-01,5.7959e-02,1.2469e-01,9.6638e-02,9.1918e-02,5.5676e-02,3.1231e-02,2.0768e-01,8.1690e-02
8.3118e-02,1.5899e-01,5.3510e-02,2.1256e-01,4.1267e-02,9.6323e-02,2.3595e-02,3.5334e-02,2.1810e-01,7.7191e-02
8.4386e-02,1.4132e-01,5.7962e-02,1.3500e-01,4.8970e-02,7.4912e-02,4.6212e-02,7.1899e-02,2.7139e-01,6.7949e-02
1.3505e-01,1.6540e-01,5.5121e-02,1.1271e-01,5.7489e-02,5.8653e-02,6.1158e-02,4.9683e-02,2.1645e-01,8.8294e-02
9.8274e-02,1.3737e-01,6.8379e-02,1.6165e-01,6.6573e-02,1.0310e-01,3.1232e-02,2.6043e-02,2.5206e-01,5.5309e-02
9.1893e-02,1.8981e-01,7.8408e-02,1.0750e-01,4.9799e-02,9.4665e-02,5.4267e-02,2.7780e-02,2.4965e-01,5.6222e-02
7.3552e-02,1.9812e-01,6.6294e-02,1.5115e-01,4.8325e-02,6.5486e-02,4.6037e-02,3.2405e-02,2.5789e-01,6.0733e-02
9.0177e-02,2.0795e-01,2.8467e-02,1.6703e-01,5.7639e-02,5.7889e-02,2.5190e-02,1.6584e-02,2.7521e-01,7.3869e-02
7.0117e-02,1.6606e-01,3.4773e-02,1.7614e-01,6.9173e-02,1.0627e-01,4.1210e-02,3.2766e-02,2.8212e-01,2.1372e-02
4.7338e-02,1.5221e-01,4.5057e-02,1.9186e-01,2.8399e-02,1.1313e-01,3.8617e-02,2.6126e-02,3.0963e-01,4.7629e-02
6.9702e-02,1.6851e-01,5.1593e-02,1.5249e-01,4.3322e-02,9.6402e-02,2.5572e-02,3.9459e-02,3.0846e-01,4.4490e-02
9.5706e-02,1.4063e-01,4.0325e-02,2.3260e-01,3.3328e-02,9.8794e-02,3.1549e-02,2.1564e-02,2.8078e-01,2.4732e-02
5.2966e-02,1.9721e-01,5.2735e-02,1.5857e-01,4.3503e-02,1.0467e-01,2.1367e-02,2.3530e-02,3.1041e-01,3.5043e-02
6.8706e-02,1.9036e-01,4.2613e-02,1.9632e-01,3.6579e-02,1.2449e-01,2.1806e-02,2.7390e-02,2.5768e-01,3.4053e-02
6.9994e-02,1.8250e-01,4.8804e-02,2.0928e-01,3.9559e-02,6.7778e-02,2.8624e-02,1.5313e-02,2.9227e-01,4.5882e-02
4.6543e-02,1.9616e-01,4.4637e-02,1.8050e-01,4.5844e-02,1.4750e-01,3.0545e-02,1.0695e-02,2.3030e-01,6.7279e-02
5.9634e-02,1.9629e-01,3.3062e-02,1.9844e-01,1.9074e-02,1.1878e-01,1.5579e-02,1.2905e-02,3.2560e-01,2.0634e-02
8.7321e-02,1.8215e-01,4.2936e-02,2.0277e-01,3.9255e-02,1.0290e-01,1.4435e-02,3.0566e-02,2.6505e-01,3.2622e-02
9.2423e-02,1.5650e-01,3.7021e-02,1.9329e-01,2.3525e-02,1.0913e-01,1.6837e-02,1.2309e-02,3.1488e-01,4.4091e-02
5.5968e-02,1.6096e-01,5.8699e-02,1.8102e-01,3.2929e-02,9.7464e-02,2.3875e-02,1.7148e-02,3.3539e-01,3.6552e-02
6.2474e-02,1.9209e-01,5.1176e-02,2.2269e-01,2.1137e-02,1.1436e-01,2.5535e-02,7.3229e-03,2.9051e-01,1.2704e-02
3.7009e-02,1.4370e-01,4.4728e-02,2.1334e-01,2.4636e-02,1.3729e-01,2.2193e-02,2.4690e-02,3.4263e-01,9.7860e-03
7.5542e-02,1.5881e-01,7.1256e-02,2.5108e-01,2.3148e-02,1.0755e-01,1.1560e-02,5.6253e-03,2.8379e-01,1.1633e-02
5.7326e-02,1.3659e-01,3.6317e-02,2.4222e-01,3.7438e-02,1.4939e-01,2.3448e-02,8.7248e-03,2.9483e-01,1.3714e-02
8.1027e-02,1.4421e-01,5.9580e-02,2.4783e-01,8.1122e-03,1.3270e-01,2.9590e-02,7.7037e-03,2.7588e-01,1.3375e-02
8.3618e-02,1.5736e-01,2.5531e-02,2.3698e-01,3.5827e-02,9.7561e-02,2.6584e-02,1.1081e-02,3.0299e-01,2.2460e-02
8.6233e-02,1.3429e-01,3.0904e-02,2.3847e-01,2.3035e-02,8.2430e-02,2.0046e-02,1.8971e-02,3.2753e-01,3.8088e-02
8.5129e-02,1.5775e-01,4.5372e-02,2.3799e-01,1.8924e-02,1.1917e-01,2.2102e-02,1.2787e-02,2.8704e-01,1.3741e-02
8.0708e-02,1.2109e-01,5.2880e-02,2.3868e-01,3.0198e-02,1.0581e-01,1.9782e-02,2.2159e-03,3.3351e-01,1.5127e-02
9.0472e-02,1.4260e-01,6.4583e-02,2.1716e-01,3.0175e-02,1.2674e-01,2.2973e-02,7.1813e-03,2.8004e-01,1.8074e-02
9.6260e-02,1.2482e-01,3.4551e-02,2.9545e-01,1.4996e-02,1.0747e-01,2.4172e-03,7.5404e-03,3.0528e-01,1.1213e-02
7.3636e-02,1.9666e-01,3.4086e-02,2.4144e-01,3.6460e-02,6.4637e-02,2.1531e-02,1.6241e-02,3.0554e-01,9.7709e-03
9.3914e-02,1.3677e-01,2.3064e-02,2.4120e-01,6.5026e-03,1.0515e-01,2.5231e-02,1.3553e-02,3.4114e-01,1.3483e-02
6.6556e-02,1.2700e-01,5.2403e-02,2.8638e-01,1.0802e-02,8.3251e-02,1.9337e-02,1.2259e-02,3.3587e-01,6.1397e-03
6.5073e-02,1.5178e-01,4.4979e-02,2.2933e-01,1.3998e-02,1.1686e-01,2.6491e-02,3.2115e-03,3.3133e-01,1.6955e-02
6.4859e-02,1.0458e-01,6.1131e-02,2.7874e-01,1.3450e-02,9.9171e-02,1.4244e-02,4.9579e-03,3.4513e-01,1.3736e-02
5.7236e-02,1.3236e-01,4.3979e-02,2.4958e-01,2.0801e-02,1.2810e-01,3.0414e-02,1.0977e-02,3.1743e-01,9.1273e-03
1.0674e-01,1.1821e-01,5.5560e-02,2.1981e-01,1.4963e-02,1.2047e-01,1.1198e-02,2.9433e-03,3.3582e-01,1.4288e-02
7.6605e-02,1.1855e-01,3.1969e-02,2.7450e-01,1.8883e-02,1.0715e-01,8.5158e-03,7.4631e-03,3.2999e-01,2.6371e-02
1.0793e-01,1.5015e-01,4.5935e-02,2.2729e-01,6.3888e-03,8.1998e-02,8.9070e-03,1.1514e-02,3.4504e-01,1.4853e-02
9.4297e-02,1.5225e-01,4.3408e-02,2.5116e-01,8.8516e-03,9.1237e-02,1.2396e-02,1.4323e-03,3.2389e-01,2.1088e-02
8.5589e-02,9.9602e-02,4.0711e-02,2.7814e-01,1.1994e-02,9.6327e-02,3.8577e-03,7.8512e-03,3.5757e-01,1.8355e-02
1.1188e-01,1.1940e-01,1.3590e-02,2.4918e-01,1.1504e-02,1.0904e-01,4.1833e-03,2.9553e-03,3.6438e-01,1.3880e-02
8.4480e-02,1.1076e-01,3.8168e-02,2.9109e-01,3.0924e-02,1.0739e-01,1.0133e-02,1.0052e-02,3.0103e-01,1.5978e-02
8.2564e-02,1.6383e-01,5.5774e-02,2.3442e-01,5.9024e-03,1.0276e-01,3.5827e-03,8.5050e-03,3.2163e-01,2.1032e-02
7.2184e-02,1.4593e-01,2.1295e-02,2.7150e-01,1.4577e-02,1.0480e-01,1.5800e-02,3.5209e-03,3.3997e-01,1.0429e-02
6.4576e-02,1.6653e-01,3.1909e-02,2.2074e-01,2.8103e-02,9.4685e-02,1.9172e-02,7.9556e-03,3.5778e-01,8.5530e-03
6.8627e-02,1.5104e-01,3.5303e-02,2.8489e-01,2.7612e-03,1.1511e-01,4.2194e-03,4.3747e-03,3.2578e-01,7.8937e-03
6.2890e-02,1.1944e-01,1.9474e-02,2.4043e-01,1.3439e-02,1.3076e-01,2.2746e-02,6.9641e-03,3.7471e-01,9.1461e-03
1.0230e-01,1.3948e-01,3.8490e-02,2.6825e-01,9.0554e-03,9.1466e-02,3.1445e-02,7.0086e-03,3.0854e-01,3.9657e-03
7.5566e-02,1.6860e-01,3.5293e-02,2.4856e-01,8.1591e-03,7.5887e-02,9.6713e-03,2.1611e-02,3.3911e-01,1.7548e-02
7.0784e-02,1.1850e-01,4.3571e-02,2.2733e-01,8.2070e-03,8.7696e-02,1.5621e-02,1.2082e-02,3.8884e-01,2.7368e-02
9.0723e-02,1.2966e-01,2.2757e-02,2.8696e-01,1.5110e-02,7.9652e-02,3.1359e-02,7.6239e-03,3.3482e-01,1.3376e-03
6.1879e-02,2.0298e-01,3.0882e-02,2.3926e-01,1.2196e-02,6.7856e-02,1.4841e-02,3.5448e-03,3.5419e-01,1.2376e-02
7.4289e-02,1.7988e-01,3.0083e-02,2.4637e-01,8.1581e-03,5.3420e-02,1.1813e-02,6.1985e-03,3.8064e-01,9.1535e-03
4.8773e-02,2.2435e-01,1.3947e-02,2.3526e-01,2.2570e-02,5.9742e-02,1.9687e-02,2.9367e-03,3.6336e-01,9.3765e-03
7.6145e-02,1.4818e-01,4.3348e-02,3.0731e-01,7.2630e-03,9.5192e-02,2.3002e-02,7.1673e-03,2.7953e-01,1.2863e-02
9.4563e-02,1.1567e-01,2.7596e-02,3.0101e-01,9.7431e-03,1.0036e-01,2.5347e-02,2.2916e-03,3.0969e-01,1.3720e-02
6.5837e-02,1.5562e-01,3.7697e-02,2.8954e-01,1.1112e-03,1.1236e-01,4.5700e-03,3.3718e-03,3.2391e-01,5.9905e-03
7.7928e-02,1.4508e-01,5.5392e-02,2.7261e-01,8.0386e-03,7.6742e-02,1.4329e-02,1.5114e-02,3.2919e-01,5.5666e-03
6.8940e-02,1.5024e-01,4.1119e-02,2.1786e-01,2.6341e-03,8.0194e-02,7.6751e-03,8.2822e-03,4.1243e-01,1.0624e-02
6.8221e-02,1.2330e-01,2.3291e-02,2.4401e-01,6.4228e-03,1.1069e-01,3.3732e-02,7.2707e-03,3.7556e-01,7.5038e-03
8.5107e-02,1.6595e-01,4.9605e-02,2.3510e-01,8.6747e-03,7.1861e-02,2.0034e-02,5.1605e-03,3.3850e-01,2.0016e-02
8.4335e-02,1.3015e-01,3.5462e-02,2.2889e-01,5.7264e-03,9.9889e-02,2.6141e-02,6.2363e-03,3.6460e-01,1.8561e-02
7.9881e-02,1.4905e-01,7.0411e-03,2.5145e-01,3.1644e-02,1.1197e-01,2.9260e-02,6.1455e-03,3.2660e-01,6.9510e-03
8.5934e-02,1.7238e-01,3.8488e-02,2.2406e-01,1.4250e-02,8.8944e-02,3.0953e-03,6.9142e-03,3.6043e-01,5.4982e-03
7.4898e-02,1.5818e-01,1.6258e-02,2.5875e-01,9.1510e-03,6.1593e-02,1.1936e-02,3.8328e-03,3.9761e-01,7.7944e-03
8.8687e-02,1.8233e-01,2.6831e-02,2.3269e-01,7.3851e-03,1.0986e-01,9.0159e-03,7.4919e-03,3.2014e-01,1.5571e-02
4.2894e-02,1.8639e-01,1.9241e-02,2.7396e-01,1.2756e-03,1.2013e-01,1.4225e-02,6.8098e-03,3.2647e-01,8.5990e-03
8.8829e-02,2.3012e-01,3.7023e-02,2.5178e-01,6.5354e-03,6.1947e-02,2.5049e-03,8.4107e-03,3.0579e-01,7.0623e-03
6.3976e-02,1.8931e-01,2.4530e-02,2.3315e-01,7.4936e-03,8.8171e-02,1.6519e-02,5.2679e-03,3.6539e-01,6.1792e-03
8.7815e-02,1.5110e-01,1.2691e-02,2.0937e-01,7.3244e-03,7.8480e-02,3.0056e-02,3.9168e-03,4.1316e-01,6.0926e-03
6.9750e-02,1.6764e-01,2.1326e-02,2.0696e-01,1.1710e-02,1.3323e-01,8.0679e-03,1.0321e-02,3.4890e-01,2.2094e-02
5.5633e-02,1.4854e-01,2.4530e-02,2.3458e-01,4.2354e-03,1.2882e-01,1.2928e-02,7.9685e-03,3.8072e-01,2.0426e-03
8.2400e-02,1.5185e-01,1.1840e-02,2.2276e-01,1.3887e-03,9.9101e-02,1.6940e-02,9.0351e-03,3.8702e-01,1.7674e-02
8.8154e-02,1.8638e-01,1.6455e-02,2.0104e-01,3.3400e-03,1.0937e-01,5.8975e-03,3.4223e-03,3.7428e-01,1.1661e-02
1.1502e-01,1.5254e-01,3.0226e-02,2.3466e-01,1.2987e-02,6.3361e-02,1.9433e-02,8.7537e-03,3.4962e-01,1.3399e-02
6.1393e-02,1.9245e-01,2.2295e-02,2.6791e-01,1.4819e-03,8.6006e-02,1.3969e-02,1.3882e-03,3.4648e-01,6.6247e-03
5.1114e-02,1.6310e-01,1.7626e-02,2.7260e-01,2.4157e-02,9.2245e-02,8.8057e-03,8.7428e-03,3.4994e-01,1.1665e-02
7.0712e-02,2.2976e-01,1.7944e-02,2.1894e-01,1.3665e-02,7.5368e-02,8.6765e-03,1.1583e-02,3.4893e-01,4.4328e-03
5.6740e-02,1.9069e-01,1.7134e-02,2.3367e-01,9.5679e-03,8.7118e-02,9.4907e-03,2.7508e-03,3.7254e-01,2.0295e-02
5.3185e-02,2.1570e-01,1.7397e-02,2.5408e-01,2.2069e-02,1.0259e-01,7.4357e-03,6.0319e-03,3.1202e-01,9.4905e-03
7.6270e-02,1.7356e-01,3.5311e-02,2.6181e-01,4.0433e-03,7.5862e-02,9.8298e-03,9.6668e-03,3.4783e-01,5.8184e-03
8.0563e-02,1.3239e-01,3.3624e-02,2.4473e-01,1.8538e-02,6.9738e-02,2.0021e-02,1.1361e-02,3.8289e-01,6.1430e-03
5.0357e-02,2.1375e-01,2.0933e-02,2.1120e-01,4.0733e-03,9.3282e-02,2.8637e-02,7.1956e-03,3.5042e-01,2.0157e-02
4.9250e-02,1.6350e-01,1.4168e-02,2.2345e-01,1.6269e-02,1.0457e-01,1.7891e-02,2.6886e-03,3.9330e-01,1.4909e-02
9.2616e-02,1.4864e-01,1.4661e-02,1.7164e-01,1.1263e-02,8.0426e-02,1.4135e-02,5.7980e-03,4.3759e-01,2.3236e-02
3.8171e-02,1.9913e-01,1.5649e-02,2.3296e-01,1.6475e-02,8.5985e-02,4.1500e-03,4.8011e-03,3.9129e-01,1.1399e-02
5.7260e-02,1.7603e-01,2.6836e-02,2.1073e-01,1.6053e-02,9.4686e-02,7.9399e-03,1.4388e-03,4.0037e-01,8.6652e-03
6.0583e-02,2.1201e-01,2.7736e-02,2.2975e-01,5.9295e-03,8.7354e-02,1.7853e-02,6.4812e-03,3.4516e-01,7.1382e-03
7.2481e-02,1.7718e-01,4.7390e-02,1.8130e-01,4.6821e-03,1.0512e-01,1.6078e-02,5.2648e-03,3.8247e-01,8.0361e-03
6.9163e-02,2.2643e-01,3.5912e-02,2.1352e-01,1.7883e-02,5.5496e-02,3.7387e-03,1.3247e-02,3.5430e-01,1.0316e-02
7.1811e-02,1.7954e-01,1.4696e-02,2.2517e-01,5.1950e-04,1.2560e-01,1.9658e-02,2.4928e-03,3.4829e-01,1.2223e-02
8.3162e-02,1.8149e-01,1.5017e-02,2.1069e-01,1.4701e-02,1.2097e-01,7.8072e-03,2.1365e-03,3.4477e-01,1.9261e-02
5.8419e-02,2.0862e-01,2.7900e-02,2.2945e-01,2.6797e-03,6.4979e-02,1.1454e-02,3.2715e-03,3.8112e-01,1.2107e-02
6.9145e-02,2.2848e-01,2.4038e-02,2.2570e-01,1.7241e-02,7.1947e-02,8.9768e-03,6.0279e-03,3.3987e-01,8.5844e-03
4.9280e-02,2.0571e-01,8.4273e-03,2.3491e-01,3.5367e-04,9.7845e-02,1.7799e-02,7.8683e-03,3.7487e-01,2.9398e-03
8.6146e-02,1.3894e-01,2.9255e-02,2.5602e-01,2.3838e-03,7.0924e-02,1.7037e-02,6.2663e-03,3.8139e-01,1.1646e-02
7.7000e-02,1.4284e-01,2.1385e-02,2.0068e-01,1.1165e-02,1.2664e-01,8.0326e-03,7.7062e-04,3.9608e-01,1.5399e-02
6.3112e-02,1.6362e-01,2.2029e-02,2.2223e-01,7.7614e-03,8.5469e-02,1.1878e-02,2.1869e-03,4.1566e-01,6.0535e-03
6.8820e-02,1.9337e-01,9.1622e-03,2.4605e-01,5.5054e-03,8.7700e-02,5.0953e-03,2.7354e-03,3.7403e-01,7.5372e-03
5.8017e-02,1.9333e-01,1.3572e-02,2.5249e-01,3.5446e-04,1.2615e-01,2.2440e-02,2.8839e-03,3.2510e-01,5.6624e-03
9.8872e-02,2.1241e-01,1.5701e-02,2.4282e-01,4.9070e-04,1.0312e-01,6.0463e-03,5.0184e-03,3.0458e-01,1.0938e-02
7.2892e-02,2.4036e-01,1.4286e-02,2.1775e-01,2.0747e-02,7.5406e-02,1.6408e-02,3.2972e-03,3.2593e-01,1.2926e-02
1.0417e-01,1.7698e-01,1.2579e-02,2.0526e-01,1.4668e-02,6.0049e-02,9.4859e-03,1.4381e-02,3.8043e-01,2.2005e-02
7.9395e-02,2.2228e-01,2.3819e-02,2.4454e-01,2.7380e-03,9.3038e-02,1.1918e-02,7.2713e-03,3.0538e-01,9.6152e-03
6.7706e-02,2.1281e-01,2.7528e-02,2.3525e-01,5.7500e-03,6.6233e-02,1.3785e-02,1.1526e-03,3.6280e-01,6.9838e-03
5.3004e-02,1.9766e-01,6.9242e-03,1.7700e-01,2.2539e-02,6.3470e-02,2.0834e-02,9.0599e-03,4.3503e-01,1.4482e-02
4.2458e-02,2.1254e-01,4.0489e-02,2.2522e-01,5.5452e-04,1.0074e-01,1.5790e-02,9.8977e-03,3.4395e-01,8.3494e-03
6.4931e-02,2.1718e-01,2.1590e-02,2.0959e-01,5.6449e-03,1.0127e-01,2.6552e-03,3.0156e-03,3.5031e-01,2.3808e-02
5.9591e-02,2.0605e-01,3.8949e-02,1.6961e-01,6.7846e-03,1.0296e-01,1.3605e-02,8.7269e-04,3.8958e-01,1.1999e-02
5.7648e-02,2.1978e-01,2.1575e-02,2.7494e-01,7.8268e-04,4.7466e-02,9.3066e-03,5.2661e-03,3.5498e-01,8.2557e-03
6.9525e-02,2.3236e-01,3.4497e-02,2.1792e-01,5.3951e-03,7.0791e-02,1.3849e-02,5.3861e-03,3.4028e-01,9.9924e-03
6.0927e-02,1.8102e-01,2.6108e-02,2.1002e-01,2.4308e-03,6.7193e-02,6.7039e-03,1.6763e-03,4.3174e-01,1.2186e-02
8.2199e-02,1.6494e-01,2.4116e-02,2.2574e-01,9.6696e-03,9.5108e-02,5.7025e-03,6.4270e-03,3.6770e-01,1.8393e-02
8.0526e-02,1.7281e-01,3.0754e-02,1.8752e-01,1.4071e-02,1.0044e-01,1.2161e-02,1.9872e-03,3.8754e-01,1.2197e-02
1.1114e-01,2.2510e-01,3.3608e-02,2.0166e-01,1.0424e-03,7.5258e-02,1.2976e-02,1.4801e-03,3.3380e-01,3.9325e-03
9.4850e-02,1.9996e-01,2.1615e-02,1.4546e-01,1.0464e-02,6.6506e-02,2.0931e-02,4.1807e-03,4.2854e-01,7.4923e-03
9.0330e-02,1.9160e-01,1.2801e-02,1.7829e-01,7.7663e-03,5.2703e-02,6.6900e-03,6.6157e-03,4.4146e-01,1.1736e-02
5.9459e-02,2.2318e-01,7.9408e-03,2.4795e-01,9.1658e-03,6.3477e-02,1.0926e-02,3.3347e-03,3.7204e-01,2.5208e-03
5.2961e-02,2.5338e-01,1.5629e-02,2.1903e-01,3.9867e-04,8.9027e-02,1.6210e-02,4.4552e-03,3.4826e-01,6.4748e-04
4.7219e-02,2.2773e-01,1.4421e-02,2.1177e-01,1.2788e-03,6.6999e-02,3.9956e-03,1.0246e-02,4.0603e-01,1.0320e-02
4.7026e-02,2.5484e-01,3.3652e-02,2.2576e-01,9.6639e-04,6.8179e-02,9.1799e-03,1.7581e-03,3.4743e-01,1.1200e-02
8.1555e-02,2.2545e-01,6.5633e-03,1.8691e-01,7.3918e-03,7.0226e-02,1.9219e-02,3.1445e-04,3.9074e-01,1.1629e-02
6.9326e-02,1.9948e-01,1.2466e-02,2.1508e-01,1.1168e-03,9.5666e-02,1.8325e-02,1.5593e-03,3.7863e-01,8.3547e-03
6.5543e-02,2.1961e-01,1.7676e-02,1.8764e-01,1.4135e-02,1.0650e-01,8.6431e-03,2.5575e-03,3.6799e-01,9.7019e-03
6.7797e-02,2.2171e-01,1.3974e-02,1.9327e-01,1.1791e-02,8.7100e-02,2.3069e-02,5.2083e-04,3.7369e-01,7.0763e-03
6.0210e-02,1.7891e-01,1.3852e-02,2.4149e-01,5.8166e-03,1.0591e-01,1.4319e-02,2.6506e-03,3.6967e-01,7.1580e-03
6.2014e-02,2.4004e-01,2.9852e-02,2.0670e-01,1.3723e-03,5.1100e-02,4.9106e-03,8.3767e-03,3.9300e-01,2.6266e-03
6.5924e-02,2.3546e-01,1.7602e-02,2.2327e-01,1.1656e-03,9.5744e-02,1.1937e-02,3.7297e-03,3.4316e-01,1.9987e-03
5.2953e-02,1.9471e-01,1.3004e-02,2.1066e-01,1.8464e-02,9.9116e-02,7.3735e-03,2.8664e-03,3.9375e-01,7.0990e-03
8.9790e-02,1.9567e-01,3.5546e-02,2.2566e-01,1.4675e-04,6.7121e-02,6.4792e-03,3.4387e-04,3.6796e-01,1.1282e-02
6.5688e-02,2.5859e-01,6.0177e-03,2.1997e-01,1.6161e-03,6.9455e-02,1.7673e-03,6.5549e-03,3.5695e-01,1.3388e-02
5.4758e-02,2.5076e-01,2.1675e-02,1.7116e-01,1.5199e-02,9.2026e-02,1.3210e-02,7.6916e-03,3.6804e-01,5.4844e-03
3.9493e-02,1.6717e-01,3.0953e-02,2.2316e-01,7.4722e-03,9.7777e-02,1.1632e-02,7.9572e-04,4.1641e-01,5.1379e-03
8.5611e-02,1.7363e-01,1.2322e-02,2.1349e-01,7.9954e-04,9.1296e-02,7.6482e-03,5.5144e-03,4.0071e-01,8.9684e-03
5.9830e-02,2.3039e-01,2.6620e-02,2.1901e-01,4.6368e-03,4.9407e-02,1.0837e-02,5.2389e-03,3.8425e-01,9.7833e-03
2.1678e-02,3.3537e-01,1.8037e-02,1.6191e-01,1.9207e-03,1.0998e-01,8.0186e-03,6.7428e-04,3.3697e-01,5.4372e-03
6.1141e-02,2.6391e-01,1.5118e-02,2.0934e-01,1.9130e-03,8.2718e-02,5.7508e-03,3.1861e-03,3.4566e-01,1.1268e-02
4.8387e-02,2.5920e-01,1.2301e-02,1.7158e-01,1.3210e-02,9.8869e-02,4.3843e-03,6.3343e-03,3.8391e-01,1.8355e-03
5.5690e-02,2.7239e-01,2.0531e-02,2.1291e-01,5.5225e-03,5.8092e-02,2.8825e-03,1.4209e-03,3.6372e-01,6.8512e-03
4.6141e-02,2.6247e-01,4.0474e-02,2.1846e-01,3.4543e-03,7.8343e-02,1.6462e-03,6.7871e-03,3.3802e-01,4.2074e-03
7.3750e-02,2.3092e-01,1.5906e-02,1.9452e-01,1.2943e-03,8.2756e-02,4.5706e-03,7.2314e-04,3.8741e-01,8.1505e-03
3.7079e-02,2.4463e-01,9.6303e-03,2.2062e-01,1.1338e-03,6.6406e-02,9.4549e-03,5.4891e-03,3.8979e-01,1.5773e-02
6.4956e-02,2.1783e-01,8.0483e-03,2.0883e-01,3.1208e-03,9.8937e-02,1.8242e-02,2.2514e-03,3.6632e-01,1.1467e-02
8.2509e-02,2.6871e-01,9.4474e-03,2.2958e-01,1.6482e-03,9.1557e-02,3.8596e-03,5.2326e-03,2.9247e-01,1.4987e-02
5.0501e-02,2.6254e-01,1.2706e-02,2.1023e-01,1.8631e-03,4.5633e-02,2.2860e-02,4.3081e-03,3.8602e-01,3.3444e-03
5.5188e-02,2.4255e-01,6.2764e-03,2.2091e-01,1.1199e-03,8.0710e-02,1.2968e-02,6.8007e-03,3.6654e-01,6.9345e-03
4.6084e-02,2.5361e-01,5.6141e-03,2.2622e-01,4.1967e-03,6.5943e-02,1.3439e-02,1.4858e-02,3.6073e-01,9.3073e-03
4.2235e-02,2.6537e-01,2.1092e-02,1.7981e-01,4.8655e-03,4.8223e-02,1.0682e-02,6.0106e-03,3.9648e-01,2.5240e-02
6.6954e-02,2.8564e-01,1.2169e-02,1.8792e-01,4.0830e-04,5.1411e-02,2.8176e-03,3.2102e-03,3.8660e-01,2.8654e-03
6.0143e-02,2.5655e-01,1.1769e-02,2.2288e-01,5.0546e-03,6.3254e-02,1.0318e-02,4.2868e-03,3.5280e-01,1.2944e-02
6.7622e-02,2.9818e-01,6.5554e-03,1.5441e-01,7.5305e-03,8.5144e-02,6.1314e-03,1.0984e-03,3.6738e-01,5.9469e-03
5.6283e-02,2.6442e-01,1.4823e-02,1.7328e-01,3.7574e-03,7.8281e-02,3.9073e-03,4.1233e-03,3.8687e-01,1.4258e-02
4.3845e-02,2.7163e-01,2.3514e-02,2.2716e-01,2.1963e-03,5.7634e-02,1.4243e-02,5.1274e-03,3.4852e-01,6.1329e-03
6.0918e-02,2.4516e-01,1.5950e-02,1.8699e-01,4.5585e-03,7.0541e-02,1.7392e-02,6.3474e-04,3.7942e-01,1.8431e-02
6.1307e-02,2.8659e-01,2.3355e-02,1.8201e-01,5.5134e-04,4.7239e-02,1.0821e-02,6.3566e-03,3.6955e-01,1.2220e-02
9.1864e-02,2.9116e-01,1.5674e-02,1.5705e-01,9.2135e-03,8.0866e-02,1.0346e-02,5.6398e-03,3.2946e-01,8.7194e-03
4.6511e-02,2.4748e-01,1.8621e-02,1.7019e-01,1.8441e-03,4.3398e-02,1.4299e-02,3.7414e-03,4.4996e-01,3.9485e-03
7.2149e-02,2.6419e-01,1.2175e-02,1.8388e-01,5.0027e-03,6.7661e-02,6.7001e-03,2.4230e-03,3.7991e-01,5.9082e-03
3.5903e-02,2.5615e-01,1.1634e-02,1.9200e-01,4.8150e-03,7.9238e-02,1.1115e-02,2.3484e-03,4.0354e-01,3.2589e-03
4.0969e-02,2.9385e-01,2.3978e-02,1.9647e-01,2.4080e-03,5.8858e-02,5.3774e-03,6.4043e-03,3.6438e-01,7.2987e-03
4.4887e-02,2.7498e-01,2.4665e-02,2.2627e-01,2.6821e-03,7.4415e-02,1.5873e-02,7.9533e-03,3.2495e-01,3.3300e-03
9.0971e-02,2.8809e-01,1.1821e-02,1.4232e-01,2.0615e-03,3.9350e-02,6.9302e-03,5.5399e-03,4.0644e-01,6.4756e-03
4.6151e-02,2.8727e-01,2.1039e-02,1.8050e-01,3.1309e-03,8.4745e-02,8.5018e-03,3.5608e-03,3.4579e-01,1.9314e-02
5.8978e-02,2.9017e-01,2.2111e-02,2.3161e-01,5.5638e-03,4.0891e-02,1.3598e-02,8.5751e-04,3.3103e-01,5.1887e-03
3.0898e-02,3.0588e-01,1.6385e-02,1.7540e-01,4.9325e-03,6.4828e-02,1.8687e-02,4.9123e-03,3.6192e-01,1.6156e-02
5.1779e-02,2.8228e-01,3.5522e-03,1.7688e-01,9.6893e-04,8.5402e-02,7.9551e-03,9.0202e-04,3.8925e-01,1.0431e-03
7.7156e-02,3.5093e-01,1.1336e-02,1.6778e-01,9.3704e-03,5.2590e-02,4.8266e-03,4.8405e-03,3.1559e-01,5.5797e-03
6.1588e-02,2.8469e-01,1.3719e-02,2.1749e-01,3.5394e-03,4.8519e-02,1.3930e-02,4.5646e-03,3.4054e-01,1.1426e-02
4.2866e-02,3.0512e-01,1.5896e-02,2.5335e-01,3.0706e-04,4.8255e-02,2.1158e-02,3.7690e-03,3.0637e-01,2.9036e-03
5.5363e-02,2.7423e-01,1.7629e-02,2.1070e-01,5.8320e-04,5.0315e-02,8.6161e-03,3.7958e-03,3.6274e-01,1.6028e-02
2.0135e-02,2.6679e-01,1.4191e-02,1.8368e-01,8.6759e-04,5.0099e-02,1.0294e-02,3.7560e-03,4.4869e-01,1.4929e-03
7.1142e-02,3.2750e-01,1.0344e-02,1.4949e-01,7.3385e-04,5.7589e-02,1.0573e-02,8.1569e-04,3.6752e-01,4.2936e-03
6.1742e-02,3.0509e-01,1.6453e-02,1.7469e-01,1.9852e-03,3.7795e-02,4.5985e-03,8.0655e-03,3.8790e-01,1.6784e-03
2.9505e-02,3.5504e-01,6.1874e-03,1.9504e-01,1.5047e-03,6.6379e-02,4.7724e-03,4.2502e-03,3.3465e-01,2.6610e-03
6.8788e-02,2.7499e-01,1.5058e-02,1.3241e-01,7.0415e-03,4.4582e-02,1.1474e-02,4.3732e-03,4.2319e-01,1.8092e-02
7.1408e-02,2.7612e-01,6.8433e-03,1.8065e-01,1.8090e-03,8.1723e-02,1.5166e-02,1.0758e-03,3.6006e-01,5.1421e-03
4.1400e-02,3.1645e-01,2.6806e-03,1.8975e-01,2.0448e-03,8.1731e-02,3.2237e-03,2.3906e-03,3.5934e-01,9.8258e-04
2.1318e-02,3.6331e-01,2.3732e-02,1.9532e-01,2.4424e-03,5.7050e-02,1.7993e-02,5.1549e-03,3.0438e-01,9.2964e-03
6.1546e-02,3.0649e-01,2.1033e-02,1.9517e-01,3.9696e-03,4.2050e-02,1.3019e-02,2.6188e-03,3.4911e-01,5.0039e-03
4.8988e-02,3.0577e-01,6.8193e-03,2.2069e-01,1.1340e-03,5.7560e-02,6.5430e-03,3.8050e-03,3.3773e-01,1.0965e-02
7.0388e-02,2.6792e-01,1.0688e-02,2.2448e-01,8.8031e-03,7.1167e-02,1.0050e-02,3.6663e-04,3.2899e-01,7.1548e-03
2.8748e-02,3.4848e-01,8.4215e-03,1.9314e-01,3.5550e-03,5.3979e-02,8.9433e-03,1.4150e-03,3.4500e-01,8.3235e-03
5.7145e-02,3.1296e-01,8.2516e-03,1.6326e-01,5.1968e-03,3.6337e-02,1.7204e-02,4.1851e-03,3.8439e-01,1.1067e-02
4.9078e-02,3.6208e-01,5.6046e-03,2.1614e-01,2.0571e-05,6.1714e-02,5.3768e-03,6.5745e-03,2.8985e-01,3.5595e-03
5.5566e-02,3.3578e-01,2.7395e-03,1.6555e-01,1.1436e-04,6.0672e-02,3.7797e-03,1.5139e-03,3.6457e-01,9.7097e-03
4.2597e-02,3.5980e-01,7.8901e-03,1.5702e-01,1.7408e-04,3.8287e-02,2.4641e-03,7.8939e-03,3.7773e-01,6.1477e-03
4.4321e-02,2.9945e-01,1.2828e-02,1.6422e-01,3.2048e-04,4.3894e-02,2.7618e-03,9.4132e-03,4.2158e-01,1.2164e-03
2.9273e-02,3.3893e-01,1.6607e-02,2.2190e-01,9.0983e-05,4.9530e-02,3.2156e-03,4.1610e-03,3.2506e-01,1.1231e-02
3.1840e-02,4.1745e-01,1.9202e-02,1.2539e-01,4.8775e-03,5.5143e-02,1.2520e-02,4.2374e-03,3.1760e-01,1.1750e-02
4.8878e-02,3.5860e-01,4.9284e-03,2.1111e-01,2.6780e-03,4.3833e-02,1.4689e-03,4.0821e-03,3.1952e-01,4.8994e-03
7.6876e-02,3.7453e-01,1.3920e-02,1.5264e-01,2.3788e-04,3.0975e-02,3.6220e-03,2.9042e-03,3.4159e-01,2.7043e-03
3.9821e-02,3.4497e-01,7.7478e-03,1.9872e-01,2.7324e-03,5.9763e-02,1.4173e-02,9.7816e-04,3.2223e-01,8.8608e-03
7.7028e-02,3.6925e-01,8.7583e-03,2.0447e-01,1.3805e-03,4.8826e-02,1.7824e-03,7.4388e-03,2.7122e-01,9.8449e-03
3.1294e-02,3.6271e-01,2.1354e-02,1.7240e-01,4.8445e-03,4.2086e-02,5.6091e-03,6.3196e-04,3.5335e-01,5.7295e-03
4.3159e-02,3.2930e-01,2.1854e-02,1.8137e-01,7.1501e-03,4.5149e-02,9.9728e-03,5.0826e-03,3.5526e-01,1.6960e-03
5.0112e-02,3.2708e-01,1.3383e-02,2.4901e-01,2.3375e-04,6.1668e-02,8.6837e-03,4.0799e-03,2.7715e-01,8.6000e-03
4.2002e-02,3.7927e-01,5.9270e-03,2.0274e-01,1.0625e-03,6.0220e-02,9.1900e-03,6.5056e-03,2.7589e-01,1.7195e-02
6.9314e-02,3.5564e-01,7.0052e-03,1.6912e-01,5.8847e-03,5.0001e-02,9.5029e-03,3.3065e-04,3.3061e-01,2.5890e-03
5.7772e-02,3.4056e-01,1.2958e-02,1.9446e-01,6.2699e-04,3.6067e-02,1.2568e-02,3.0577e-03,3.3902e-01,2.9003e-03
3.1371e-02,3.4903e-01,1.6094e-02,1.7514e-01,1.1369e-03,3.7894e-02,1.0210e-02,6.6175e-04,3.6650e-01,1.1959e-02
4.7392e-02,4.3610e-01,8.4943e-04,1.9412e-01,2.4447e-04,4.8352e-02,8.1950e-04,4.7503e-04,2.6731e-01,4.3480e-03
3.0622e-02,3.9497e-01,6.4234e-03,1.8611e-01,5.1713e-03,4.8819e-02,1.9671e-04,4.4750e-04,3.2196e-01,5.2827e-03
3.9055e-02,3.5374e-01,1.2361e-02,1.6841e-01,1.3767e-03,4.4798e-02,1.5929e-03,9.5843e-04,3.6936e-01,8.3541e-03
3.8530e-02,4.4603e-01,3.9981e-03,1.5416e-01,4.7186e-04,5.5285e-02,4.4739e-03,4.3483e-03,2.8113e-01,1.1571e-02
5.0603e-02,3.5092e-01,9.0279e-03,1.5318e-01,2.6103e-04,4.7077e-02,6.9745e-03,5.4393e-03,3.6867e-01,7.8507e-03
7.1035e-02,4.2194e-01,2.2173e-02,1.5085e-01,1.5517e-03,4.4025e-02,1.1806e-02,5.1534e-03,2.6911e-01,2.3645e-03
2.7453e-02,3.9175e-01,1.4059e-02,1.3860e-01,2.3037e-03,4.6627e-02,2.3083e-03,4.2279e-03,3.6470e-01,7.9730e-03
3.5572e-02,3.9178e-01,2.7847e-02,1.3141e-01,1.2017e-04,5.2903e-02,9.8374e-03,4.7270e-03,3.3787e-01,7.9284e-03
4.7964e-02,3.7587e-01,1.0227e-02,1.4645e-01,3.9189e-04,3.7193e-02,5.4208e-03,3.6795e-04,3.6947e-01,6.6389e-03
5.8557e-03,4.1305e-01,1.0606e-02,1.6649e-01,4.0583e-03,3.6359e-02,4.3467e-03,7.7925e-04,3.4756e-01,1.0902e-02
2.1948e-02,3.7622e-01,7.2480e-03,1.3045e-01,2.1516e-03,6.7469e-02,1.8312e-03,7.0682e-03,3.8264e-01,2.9794e-03
4.1957e-02,3.5166e-01,1.5191e-02,1.4520e-01,2.5248e-04,6.3884e-02,8.8474e-03,2.0398e-03,3.6753e-01,3.4355e-03
3.2217e-02,3.6178e-01,1.6370e-02,1.8085e-01,2.8009e-03,3.5919e-02,1.7826e-02,9.2729e-03,3.3666e-01,6.3009e-03
2.0894e-02,3.7360e-01,2.2701e-02,1.4224e-01,5.0405e-03,3.2755e-02,2.8781e-03,1.9031e-03,3.9276e-01,5.2252e-03
3.9082e-02,3.7076e-01,2.5761e-03,1.6623e-01,7.0078e-04,5.7222e-02,6.0950e-03,3.8192e-03,3.5135e-01,2.1582e-03
3.9874e-02,4.4746e-01,8.7422e-03,1.5169e-01,9.2654e-04,5.7112e-02,1.2837e-03,2.7424e-03,2.8654e-01,3.6270e-03
2.3438e-02,4.2607e-01,1.8548e-02,1.4667e-01,3.2802e-04,4.2704e-02,6.3472e-03,3.7413e-03,3.2604e-01,6.1151e-03
3.3843e-02,4.1696e-01,6.8211e-03,1.8223e-01,3.6393e-04,5.5801e-02,5.4244e-03,8.0594e-03,2.8716e-01,3.3424e-03
1.4141e-02,4.1065e-01,2.6927e-02,1.4277e-01,1.7646e-04,4.0936e-02,9.8821e-04,1.0998e-03,3.5734e-01,4.9725e-03
5.5848e-02,3.9106e-01,1.9057e-02,1.2163e-01,3.5436e-03,5.5893e-02,1.0131e-02,7.9779e-03,3.2947e-01,5.3956e-03
4.7188e-02,4.4532e-01,5.8492e-03,9.7092e-02,6.7541e-04,5.3854e-02,6.4066e-03,2.4091e-03,3.3795e-01,3.2617e-03
4.0015e-02,3.7937e-01,9.4438e-04,1.6258e-01,4.4841e-03,3.5493e-02,6.8664e-04,3.8071e-03,3.6537e-01,7.2461e-03
5.9715e-02,4.1592e-01,6.6818e-03,1.1507e-01,4.2075e-03,3.6949e-02,6.5739e-03,1.2919e-03,3.4076e-01,1.2820e-02
4.8320e-02,4.4129e-01,1.7151e-02,1.3110e-01,3.9147e-03,2.0316e-02,1.0225e-02,1.0461e-03,3.2010e-01,6.5341e-03
3.9021e-02,4.6684e-01,6.9972e-03,1.3780e-01,9.1892e-04,3.7461e-02,1.5448e-03,3.4648e-03,3.0306e-01,2.8879e-03
5.0329e-02,3.5096e-01,1.5335e-02,1.5239e-01,1.2838e-04,2.5464e-02,8.5486e-04,6.5541e-03,3.9345e-01,4.5365e-03
3.4918e-02,3.9454e-01,1.1846e-02,1.5231e-01,8.7556e-04,4.8073e-02,5.4497e-03,2.2422e-03,3.4392e-01,5.8238e-03
8.3293e-02,3.8805e-01,2.2947e-02,1.2067e-01,1.6927e-03,4.3467e-02,1.1959e-02,6.4400e-03,3.1742e-01,4.0621e-03
3.8411e-02,4.1145e-01,2.5287e-02,1.6426e-01,4.4002e-03,4.5427e-02,4.0637e-03,4.0128e-03,3.0095e-01,1.7373e-03
4.6906e-02,4.2920e-01,1.0525e-02,1.0733e-01,5.6336e-03,5.8571e-02,3.3411e-03,2.2991e-03,3.3061e-01,5.5810e-03
4.1074e-02,4.3499e-01,1.0139e-02,1.2172e-01,1.4044e-04,3.4783e-02,4.6099e-03,5.2056e-04,3.4665e-01,5.3687e-03
2.7341e-02,4.2245e-01,9.1996e-03,1.1447e-01,1.5369e-03,3.9309e-02,2.4995e-03,1.8949e-03,3.6778e-01,1.3524e-02
6.7033e-02,4.2484e-01,1.2290e-02,1.0535e-01,6.5754e-04,5.0669e-02,4.7342e-03,2.2929e-03,3.3098e-01,1.1567e-03
7.3700e-02,4.6715e-01,3.0912e-03,7.3039e-02,2.2861e-04,3.0736e-02,3.5888e-03,4.8156e-04,3.4718e-01,8.0062e-04
4.0551e-02,4.4380e-01,5.5644e-03,8.4687e-02,5.4193e-03,6.5059e-02,2.5417e-03,7.7645e-03,3.3545e-01,9.1543e-03
3.0405e-02,3.6545e-01,1.8914e-02,1.7914e-01,1.1361e-04,4.8495e-02,4.9669e-03,4.2214e-03,3.4406e-01,4.2443e-03
4.8869e-02,4.1825e-01,2.1332e-02,1.1841e-01,6.8265e-04,4.6987e-02,9.6890e-03,8.9801e-03,3.2299e-01,3.8105e-03
4.8679e-02,4.2660e-01,1.0346e-03,1.2286e-01,3.3951e-03,3.9245e-02,1.0977e-02,7.1481e-03,3.2763e-01,1.2437e-02
6.1437e-02,4.8074e-01,4.5787e-03,9.9569e-02,6.3978e-05,4.9905e-02,1.1251e-02,5.5557e-03,2.8380e-01,3.0998e-03
3.4674e-02,4.4723e-01,5.4363e-04,1.2155e-01,1.0285e-03,6.3271e-02,5.0538e-03,3.3282e-04,3.2436e-01,1.9609e-03
3.5767e-02,4.2677e-01,1.2702e-02,1.2881e-01,4.9763e-04,4.2963e-02,3.6468e-03,1.0545e-03,3.4271e-01,5.0776e-03
2.0862e-02,4.1922e-01,7.9059e-03,1.4663e-01,2.4897e-04,6.8922e-02,5.2795e-04,3.0797e-03,3.3120e-01,1.4076e-03
2.9362e-02,5.1773e-01,9.8905e-03,9.8525e-02,5.4964e-04,4.8730e-02,4.4994e-03,1.4822e-02,2.7279e-01,3.0944e-03
5.0566e-02,4.4750e-01,4.1014e-03,1.0172e-01,1.5551e-03,4.5412e-02,4.2754e-03,7.2400e-03,3.3675e-01,8.7814e-04
4.5256e-02,4.5578e-01,5.0152e-03,1.1318e-01,8.2691e-04,1.5272e-02,1.7182e-03,2.2746e-03,3.5626e-01,4.4182e-03
4.7864e-02,4.1801e-01,2.3106e-03,1.3218e-01,6.2124e-04,5.5831e-02,9.8804e-03,5.8945e-03,3.2612e-01,1.2843e-03
3.1358e-02,4.9691e-01,5.5168e-03,1.2127e-01,1.5146e-04,3.7024e-02,3.2426e-03,1.1025e-02,2.9245e-01,1.0586e-03
3.8292e-02,4.4065e-01,4.4507e-03,1.0429e-01,9.7808e-04,2.7143e-02,5.1140e-03,2.6176e-04,3.7423e-01,4.5871e-03
3.2733e-02,4.7683e-01,1.1363e-03,1.2285e-01,2.3627e-04,4.8747e-02,6.5391e-03,6.8757e-03,3.0159e-01,2.4646e-03
6.0846e-02,4.5521e-01,8.4786e-03,1.2935e-01,2.7515e-03,4.2352e-02,4.9956e-03,2.3982e-03,2.8466e-01,8.9482e-03
3.4780e-02,5.3512e-01,1.1474e-02,9.3746e-02,2.5703e-04,1.7797e-02,1.8608e-04,6.8683e-04,3.0454e-01,1.4190e-03
5.0522e-02,4.4557e-01,9.2842e-03,9.5417e-02,1.3202e-04,3.9928e-02,1.0216e-03,2.6553e-03,3.4788e-01,7.5881e-03
5.5305e-02,4.2828e-01,4.3252e-03,1.1375e-01,2.7567e-04,4.6107e-02,5.0320e-03,7.9498e-04,3.3839e-01,7.7307e-03
4.8390e-02,4.7404e-01,9.3054e-03,1.5093e-01,1.4874e-03,3.8559e-02,1.3008e-02,2.8502e-03,2.5751e-01,3.9168e-03
4.3385e-02,4.8794e-01,1.0489e-02,1.0172e-01,1.9220e-03,4.0045e-02,4.4259e-03,5.0349e-03,3.0323e-01,1.8031e-03
2.5301e-02,4.8733e-01,1.0069e-02,1.1178e-01,5.9031e-03,1.2857e-02,1.4579e-03,3.4745e-04,3.4329e-01,1.6641e-03
3.0450e-02,4.6151e-01,5.8571e-03,1.1519e-01,5.0580e-03,4.5509e-02,5.1291e-03,3.5572e-03,3.1734e-01,1.0395e-02
4.3151e-02,5.0493e-01,1.2740e-02,1.2154e-01,3.5375e-04,1.8083e-02,1.0231e-03,7.1039e-03,2.8525e-01,5.8285e-03
2.1559e-02,4.8097e-01,6.1330e-03,8.2876e-02,3.7206e-03,1.4494e-02,5.6638e-03,1.2787e-03,3.7393e-01,9.3751e-03
3.1203e-02,5.1222e-01,5.1364e-03,1.2342e-01,3.0696e-05,3.1622e-02,4.8473e-03,5.1269e-04,2.9011e-01,9.0064e-04
3.8130e-02,5.0423e-01,1.2917e-02,1.1633e-01,5.8582e-04,1.4230e-02,2.2818e-03,3.4185e-03,2.9856e-01,9.3045e-03
4.8015e-02,4.8046e-01,6.0338e-03,8.5934e-02,1.4416e-03,2.6517e-02,1.7252e-02,8.7109e-04,3.3075e-01,2.7225e-03
4.8609e-02,5.2365e-01,1.0754e-02,8.8649e-02,1.3540e-03,4.6218e-02,6.2648e-04,1.8257e-03,2.7758e-01,7.3306e-04
2.9482e-02,4.9273e-01,6.2696e-03,9.9220e-02,7.0632e-05,1.5987e-02,6.3455e-03,5.5413e-04,3.4877e-01,5.7106e-04
3.9087e-02,4.8515e-01,6.1111e-03,9.3737e-02,1.1297e-02,2.8987e-02,2.7091e-03,4.2139e-03,3.2420e-01,4.5147e-03
1.6510e-02,4.9267e-01,1.5110e-02,7.2641e-02,9.3351e-05,4.4928e-02,6.7933e-03,3.9588e-03,3.4183e-01,5.4681e-03
4.7803e-02,4.6573e-01,1.0962e-02,6.7287e-02,5.6168e-05,3.4227e-02,9.0159e-03,4.9740e-03,3.5926e-01,6.7703e-04
2.3583e-02,5.4212e-01,3.6647e-03,1.0514e-01,6.7055e-05,4.2990e-02,1.3488e-02,1.6949e-03,2.6685e-01,4.0517e-04
4.4488e-02,5.2774e-01,2.5221e-03,7.1580e-02,3.7153e-03,3.4334e-02,8.9307e-03,4.8630e-03,2.9965e-01,2.1737e-03
2.3563e-02,5.5476e-01,9.1878e-03,7.3997e-02,6.9461e-04,2.3734e-02,4.3741e-03,9.8610e-04,3.0316e-01,5.5429e-03
3.7726e-02,5.0453e-01,8.2132e-03,1.2790e-01,3.4461e-05,3.8052e-02,6.8836e-03,8.6369e-04,2.7282e-01,2.9786e-03
3.6974e-02,4.8510e-01,7.8573e-03,1.1353e-01,1.8785e-04,1.4265e-02,5.9358e-03,1.5271e-03,3.2979e-01,4.8356e-03
3.1058e-02,4.7890e-01,8.8696e-03,1.0110e-01,3.8915e-04,1.2766e-02,1.9133e-03,5.2196e-03,3.5617e-01,3.6167e-03
5.2616e-02,4.5029e-01,1.3863e-02,1.1125e-01,1.3816e-03,4.3843e-02,9.2451e-03,3.8729e-04,3.1676e-01,3.5505e-04
3.0585e-02,5.6548e-01,1.4334e-02,5.2844e-02,7.5896e-03,3.9693e-02,1.5673e-02,2.6702e-03,2.6107e-01,1.0062e-02
5.3299e-02,5.2747e-01,1.7974e-02,9.1266e-02,8.8571e-04,1.9939e-02,4.0342e-03,3.2543e-03,2.7859e-01,3.2847e-03
4.7935e-02,4.9232e-01,6.9176e-03,6.8047e-02,4.5533e-03,1.6493e-02,4.8885e-03,1.8994e-03,3.5271e-01,4.2319e-03
2.2280e-02,5.3128e-01,1.9782e-02,9.3918e-02,5.1043e-03,2.8851e-02,6.4361e-03,4.5189e-03,2.8385e-01,3.9755e-03
4.2289e-02,5.3782e-01,4.9876e-03,6.2365e-02,3.2404e-03,2.5272e-02,1.2891e-02,1.0106e-03,3.0918e-01,9.3908e-04
3.8352e-02,4.8370e-01,2.2067e-02,7.0345e-02,5.1573e-03,3.6859e-02,1.2928e-03,1.1429e-03,3.3658e-01,4.4995e-03
4.4863e-02,5.0734e-01,6.3019e-03,9.0425e-02,2.5079e-04,2.7372e-02,1.1155e-04,6.2304e-04,3.2093e-01,1.7851e-03
6.3950e-02,4.9357e-01,6.3364e-03,7.5167e-02,8.8232e-04,3.1116e-02,5.9107e-03,5.4792e-03,3.1312e-01,4.4677e-03
2.9618e-02,5.1226e-01,9.7245e-03,8.5144e-02,4.8174e-03,1.2406e-02,1.3563e-02,2.3069e-03,3.2865e-01,1.5056e-03
3.0693e-02,5.3247e-01,1.4649e-02,7.8482e-02,4.9050e-03,4.3920e-02,2.6997e-03,5.3451e-03,2.7544e-01,1.1394e-02
3.3701e-02,4.3452e-01,8.9417e-03,1.0197e-01,4.3142e-03,4.4966e-02,2.8602e-03,6.3744e-04,3.6093e-01,7.1545e-03
4.0567e-02,5.5607e-01,7.9287e-03,5.8911e-02,8.4330e-04,2.0634e-02,7.7212e-03,5.8504e-03,3.0095e-01,5.2527e-04
3.9908e-02,5.1964e-01,4.2753e-04,8.5919e-02,4.8103e-04,3.7704e-02,9.8877e-03,1.7105e-03,2.8911e-01,1.5214e-02
5.5593e-02,5.6282e-01,1.0406e-02,6.4682e-02,5.2175e-03,2.5011e-02,2.2531e-03,1.9848e-03,2.6438e-01,7.6541e-03
1.5107e-02,5.7974e-01,1.0778e-02,5.7364e-02,1.8359e-03,2.3577e-02,1.2294e-03,2.6006e-03,2.9913e-01,8.6439e-03
4.7855e-02,5.1930e-01,3.7546e-03,1.2437e-01,2.5515e-03,2.8225e-02,6.3400e-03,4.0063e-04,2.6346e-01,3.7452e-03
3.1066e-02,5.6645e-01,4.9977e-03,1.1063e-01,2.6901e-03,1.9984e-02,1.6801e-03,2.5115e-04,2.5649e-01,5.7570e-03
3.7508e-02,5.5528e-01,8.1314e-03,5.7011e-02,2.8728e-05,2.0752e-02,5.9448e-03,5.2983e-03,3.0881e-01,1.2352e-03
3.7990e-02,5.0362e-01,7.8923e-03,7.6644e-02,4.6631e-03,2.4943e-02,4.9194e-04,5.0139e-04,3.4057e-01,2.6843e-03
2.2744e-02,6.1932e-01,2.0999e-02,7.2338e-02,6.6170e-04,1.3542e-02,1.2570e-02,1.3578e-03,2.3193e-01,4.5424e-03
9.3094e-03,5.0715e-01,1.9147e-02,6.3969e-02,8.9719e-03,4.3593e-02,5.8005e-03,2.0582e-03,3.3396e-01,6.0419e-03
1.6824e-02,6.0394e-01,1.2065e-02,9.2884e-02,4.2872e-03,3.1973e-02,2.3129e-03,2.3471e-03,2.2521e-01,8.1655e-03
2.2787e-02,5.4163e-01,6.8000e-03,1.0076e-01,8.7491e-04,1.7301e-02,3.0837e-03,1.3246e-03,3.0287e-01,2.5687e-03
3.0461e-02,5.8617e-01,8.6215e-03,7.4699e-02,6.7712e-04,3.9683e-02,3.7012e-03,1.0393e-03,2.5433e-01,6.2029e-04
4.8511e-02,5.1396e-01,1.0042e-02,1.0381e-01,3.1995e-04,1.9962e-02,3.2963e-03,5.3609e-04,2.9541e-01,4.1422e-03
4.3002e-02,5.4445e-01,1.0119e-02,1.1971e-01,4.1483e-03,2.1177e-02,2.4363e-03,1.3287e-03,2.5016e-01,3.4738e-03
4.1463e-02,5.3528e-01,1.3874e-02,7.6709e-02,3.1124e-04,2.4473e-02,1.0592e-02,4.6003e-03,2.8848e-01,4.2103e-03
5.1709e-02,5.3324e-01,9.3405e-03,9.8843e-02,2.6744e-04,1.5095e-02,7.5906e-04,2.8468e-03,2.8751e-01,3.8711e-04
1.6125e-02,5.5525e-01,4.9632e-03,9.4370e-02,1.6961e-03,2.3636e-02,9.5400e-03,6.3581e-04,2.9239e-01,1.3977e-03
4.1800e-02,5.3614e-01,6.3866e-03,9.1819e-02,7.6527e-05,1.9408e-02,1.0776e-02,7.9298e-03,2.8539e-01,2.7782e-04
2.6045e-02,5.6944e-01,1.2010e-02,8.3054e-02,9.7912e-04,2.1646e-02,5.4358e-03,5.4048e-03,2.7464e-01,1.3423e-03
2.1592e-02,5.7108e-01,5.9068e-03,9.9932e-02,1.2539e-04,2.1830e-02,1.2905e-02,1.3306e-03,2.6044e-01,4.8663e-03
3.0969e-02,5.3905e-01,8.2413e-03,9.0562e-02,2.1798e-03,2.9881e-02,5.2236e-03,1.1604e-03,2.9128e-01,1.4523e-03
1.8139e-02,6.7010e-01,6.2645e-03,3.5135e-02,1.0274e-03,1.2875e-02,3.2383e-03,9.6901e-04,2.5221e-01,4.9266e-05
3.2456e-02,5.0624e-01,6.9060e-03,5.2202e-02,1.8203e-03,2.4186e-02,6.0987e-03,4.0055e-03,3.6064e-01,5.4408e-03
1.9974e-02,5.8079e-01,2.2647e-03,7.6351e-02,5.3083e-03,1.3081e-02,3.3713e-04,2.6504e-03,2.9723e-01,2.0139e-03
3.3257e-02,5.7416e-01,1.2438e-02,7.3295e-02,1.4760e-03,1.3643e-02,5.1473e-03,4.3210e-03,2.7993e-01,2.3343e-03
1.0712e-02,6.6764e-01,8.0470e-03,5.1674e-02,1.1141e-03,1.0556e-02,6.2777e-04,4.3598e-03,2.3879e-01,6.4845e-03
3.3675e-02,6.3017e-01,3.2018e-03,5.8961e-02,4.8246e-03,4.1882e-02,5.4485e-04,5.1151e-04,2.1807e-01,8.1602e-03
3.8308e-02,5.8671e-01,1.0033e-02,7.6537e-02,9.7445e-05,3.6508e-02,2.0892e-03,3.6570e-03,2.4127e-01,4.7934e-03
2.0067e-02,5.9955e-01,5.4022e-03,8.2355e-02,2.0510e-03,2.1181e-02,7.4137e-03,4.1054e-03,2.5740e-01,4.8144e-04
3.1971e-02,6.1148e-01,5.2082e-03,8.9005e-02,1.5080e-03,1.3788e-02,4.3430e-03,8.5050e-04,2.3965e-01,2.2014e-03
1.5389e-02,6.5082e-01,7.4647e-03,6.2393e-02,6.7886e-05,1.8052e-02,6.1673e-04,1.8862e-03,2.3806e-01,5.2488e-03
2.4596e-02,5.7907e-01,5.8266e-04,7.7208e-02,1.9228e-03,1.4486e-02,7.7016e-03,5.0453e-04,2.9358e-01,3.5233e-04
3.1947e-02,5.4567e-01,8.4322e-03,8.4507e-02,1.3575e-03,3.0352e-02,3.4380e-03,9.0475e-04,2.9088e-01,2.5079e-03
