2.1787e-09,8.2304e-07,9.0308e-10,1.0252e-06,1.4094e-10,4.2612e-14,3.7654e-06,1.9947e-11,9.9999e-01,7.4953e-10
1.0214e-03,1.6750e-05,6.2408e-03,6.1972e-02,1.7089e-01,1.9600e-05,7.5820e-01,7.1222e-07,1.6138e-03,2.0608e-05
4.4681e-02,6.6222e-04,4.5848e-02,1.2045e-01,5.6235e-02,8.7890e-05,7.2534e-01,2.3996e-05,6.2594e-03,4.0921e-04
5.8708e-03,4.2959e-03,1.0716e-02,3.1434e-01,5.2228e-01,8.4685e-05,1.4208e-01,1.3767e-05,2.3475e-04,9.1025e-05
3.2018e-02,7.6149e-05,2.7115e-02,3.7091e-01,5.4917e-02,8.1219e-05,5.1305e-01,4.3624e-05,1.7102e-03,7.8467e-05
1.0759e-01,9.0858e-04,1.1446e-01,2.4729e-01,1.5525e-01,4.8018e-05,3.7367e-01,3.4573e-05,5.8676e-04,1.5959e-04
8.4053e-02,1.1082e-04,1.4247e-01,1.7104e-01,3.2341e-02,4.6611e-05,5.6749e-01,2.1379e-05,2.3784e-03,4.4288e-05
8.5697e-02,7.3443e-04,1.3638e-01,2.8052e-01,1.4561e-01,9.3337e-05,3.4701e-01,7.3146e-05,3.6194e-03,2.6500e-04
3.7580e-02,6.6697e-03,7.0230e-02,4.1800e-01,1.0967e-01,1.3058e-04,3.5545e-01,1.0631e-04,2.0005e-03,1.5967e-04
1.3457e-02,3.0283e-04,1.2113e-01,3.1472e-01,2.6244e-02,5.9527e-06,5.2368e-01,6.1298e-06,4.3738e-04,1.9527e-05
2.7940e-02,6.3981e-03,8.4365e-02,3.5305e-01,2.3376e-01,4.0128e-05,2.9218e-01,5.7740e-05,1.9618e-03,2.5084e-04
2.0820e-02,1.2465e-02,2.3483e-01,2.1950e-01,1.6958e-01,5.2254e-05,3.3999e-01,7.6987e-05,2.3388e-03,3.5321e-04
5.9779e-02,1.0622e-02,3.9000e-02,5.3841e-01,5.4536e-02,2.0110e-04,2.6205e-01,6.5593e-05,3.4330e-02,9.9827e-04
1.3660e-02,3.8915e-04,2.5292e-01,3.2174e-01,1.7841e-01,9.8563e-05,2.2418e-01,9.4304e-05,8.2460e-03,2.6123e-04
2.8679e-02,7.5811e-03,1.8686e-01,3.2233e-01,6.1978e-02,2.5239e-05,3.9124e-01,3.2222e-05,1.1888e-03,8.4305e-05
2.6737e-02,1.7578e-02,7.2935e-02,3.5051e-01,1.4599e-01,4.2418e-05,3.8489e-01,6.2189e-05,9.4559e-04,3.0647e-04
6.8334e-02,1.2246e-02,7.4804e-02,2.5953e-01,1.7464e-01,4.4658e-05,4.0328e-01,1.0075e-04,6.6652e-03,3.6012e-04
3.7775e-02,4.1040e-02,1.3970e-01,3.1111e-01,8.6565e-02,3.4701e-05,3.7757e-01,1.8094e-04,5.4047e-03,6.3252e-04
6.8142e-02,5.0786e-02,8.3547e-02,3.0886e-01,1.0612e-01,6.6428e-05,3.7942e-01,1.5472e-04,2.6966e-03,2.0807e-04
4.3538e-02,1.0703e-01,8.3135e-02,2.3084e-01,1.4780e-01,2.8808e-05,3.8447e-01,8.4412e-06,3.1236e-03,2.3949e-05
5.2560e-02,7.3842e-02,1.1946e-01,1.9259e-01,1.5415e-01,8.9159e-05,4.0482e-01,9.5859e-05,1.9528e-03,4.4113e-04
3.0598e-02,5.7608e-02,7.4419e-02,2.9367e-01,1.5494e-01,1.2618e-04,3.8444e-01,1.0880e-04,3.5099e-03,5.8411e-04
7.3296e-02,2.0305e-02,1.6209e-01,2.8114e-01,2.6974e-01,5.3879e-05,1.8760e-01,5.0330e-05,5.4379e-03,3.0335e-04
8.0207e-02,1.0025e-01,1.5552e-01,2.4803e-01,1.5251e-01,2.0584e-05,2.6147e-01,2.0765e-05,1.5813e-03,3.7641e-04
3.9707e-02,6.5471e-02,1.5027e-01,2.5081e-01,2.2694e-01,4.8130e-05,2.6486e-01,3.2601e-05,1.6622e-03,1.8991e-04
4.3550e-02,6.9427e-02,1.0340e-01,3.1528e-01,1.4645e-01,1.7519e-05,3.1872e-01,1.7164e-06,3.1326e-03,2.2765e-05
8.6447e-02,1.3261e-01,5.7736e-02,1.4561e-01,1.3504e-01,1.4331e-04,4.3253e-01,9.5828e-05,9.7174e-03,6.4557e-05
2.8060e-02,1.8927e-01,1.5331e-01,2.1635e-01,1.1903e-01,5.7952e-05,2.8579e-01,3.6156e-06,7.8914e-03,2.3884e-04
4.8821e-02,1.0894e-01,9.1311e-02,1.9909e-01,8.2376e-02,8.5603e-06,4.6764e-01,1.7440e-05,1.7204e-03,7.0559e-05
4.5644e-02,1.3112e-01,4.1712e-02,2.8872e-01,1.3986e-01,1.2385e-04,3.4893e-01,1.7380e-04,3.1593e-03,5.5040e-04
5.0609e-02,1.8361e-01,7.6798e-02,1.5648e-01,8.0377e-02,4.7711e-05,4.5085e-01,2.1563e-06,1.0869e-03,1.3008e-04
9.2179e-02,1.4509e-01,4.3316e-02,1.6733e-01,2.3453e-01,1.5718e-05,3.1083e-01,9.3320e-06,6.6183e-03,8.3005e-05
9.4965e-02,1.8981e-01,9.9502e-02,1.7336e-01,1.0064e-01,7.9074e-05,3.3349e-01,1.0148e-04,7.7012e-03,3.5753e-04
9.1962e-02,1.4715e-01,9.9585e-02,2.4674e-01,8.7222e-02,1.8604e-05,3.2143e-01,5.8090e-05,5.2349e-03,5.9009e-04
6.7915e-02,1.2748e-01,1.2353e-01,2.2402e-01,1.5646e-01,4.2219e-05,2.8031e-01,1.9691e-05,2.0002e-02,2.1791e-04
1.1118e-01,1.9163e-01,8.5292e-02,2.1636e-01,6.7883e-02,3.0713e-05,3.2239e-01,8.0210e-05,2.8813e-03,2.2650e-03
8.8897e-02,2.3134e-01,2.0211e-01,1.9239e-01,9.0034e-02,4.9166e-05,1.6194e-01,4.2781e-05,3.2944e-02,2.4992e-04
8.2126e-02,1.7318e-01,5.2686e-02,1.3842e-01,1.8345e-01,2.6143e-05,3.4402e-01,6.3360e-05,2.5508e-02,5.1174e-04
8.1112e-02,1.6986e-01,7.5401e-02,1.6533e-01,9.4930e-02,7.1911e-04,3.6018e-01,2.1114e-04,5.1715e-02,5.4527e-04
2.9291e-02,1.3044e-01,2.7099e-02,1.3966e-01,1.2235e-01,1.4304e-05,5.1829e-01,2.9056e-06,3.2266e-02,5.9274e-04
3.9709e-02,1.5587e-01,1.2441e-02,2.6449e-01,5.3265e-02,3.8019e-04,3.9529e-01,3.5323e-05,7.1141e-02,7.3698e-03
4.6197e-02,9.4229e-02,8.3401e-02,1.7030e-01,1.3054e-01,3.9392e-05,4.0999e-01,1.4168e-04,6.4647e-02,5.1923e-04
5.4941e-02,1.7967e-01,3.2788e-02,1.8145e-01,1.0410e-01,2.0050e-04,3.6175e-01,4.8564e-05,8.4830e-02,2.2651e-04
4.8053e-02,1.6506e-01,2.5046e-02,1.4444e-01,4.4098e-02,1.1678e-04,5.3786e-01,2.1055e-05,3.3424e-02,1.8873e-03
1.3859e-01,1.7105e-01,9.8587e-02,1.1617e-01,1.1309e-01,3.7133e-03,3.0620e-01,3.2243e-05,5.1731e-02,8.2833e-04
1.1432e-01,8.0012e-02,4.1054e-02,1.6115e-01,2.0446e-01,5.0541e-04,3.0983e-01,3.6630e-05,8.8096e-02,5.3534e-04
7.9672e-02,1.5042e-01,5.1961e-02,1.5408e-01,6.4985e-02,4.2650e-04,4.1541e-01,2.1439e-04,7.9867e-02,2.9709e-03
7.1179e-02,1.7568e-01,3.3944e-02,1.4596e-01,1.1486e-01,2.9148e-05,3.7187e-01,2.3903e-04,7.9071e-02,7.1684e-03
1.1469e-01,1.4238e-01,9.1679e-02,1.5668e-01,9.9744e-02,1.4724e-03,3.1077e-01,8.1840e-05,8.0706e-02,1.7983e-03
6.2107e-02,1.3508e-01,8.5243e-02,1.5556e-01,5.8592e-02,4.1312e-04,4.8397e-01,3.7306e-05,1.8648e-02,3.4942e-04
3.8081e-02,1.6042e-01,7.4529e-02,9.7426e-02,1.0116e-01,1.0743e-03,4.3874e-01,1.6336e-05,8.8042e-02,5.0950e-04
5.9608e-02,1.6857e-01,2.0585e-02,2.4772e-01,2.6814e-02,3.1014e-04,3.8407e-01,1.5250e-05,9.2116e-02,1.9591e-04
2.8057e-02,1.5418e-01,1.6644e-02,1.6852e-01,1.9018e-02,6.6814e-05,5.0887e-01,2.4497e-05,1.0396e-01,6.6706e-04
3.8713e-02,2.0985e-01,3.8315e-02,1.2712e-01,8.1192e-02,2.2799e-03,3.7344e-01,1.9274e-04,1.2579e-01,3.1056e-03
5.0321e-02,1.6388e-01,1.8026e-02,1.4105e-01,7.6045e-02,2.2936e-04,4.6031e-01,4.3883e-04,8.5040e-02,4.6579e-03
1.0237e-01,1.4783e-01,9.4955e-02,1.9058e-01,7.1710e-02,1.2543e-03,2.9315e-01,7.2419e-06,9.1170e-02,6.9678e-03
7.0958e-02,1.9065e-01,1.5159e-02,1.2507e-01,6.7423e-02,5.1574e-03,4.7534e-01,4.8182e-05,4.3962e-02,6.2372e-03
8.0132e-02,1.2003e-01,6.4249e-02,1.9212e-01,6.5194e-02,3.9113e-05,3.9622e-01,4.0996e-05,7.8440e-02,3.5355e-03
8.1771e-02,1.6393e-01,1.0636e-01,1.1517e-01,1.6572e-01,1.2653e-03,2.7181e-01,1.0085e-04,8.6136e-02,7.7499e-03
1.0520e-01,1.3801e-01,8.5998e-02,1.7921e-01,8.7197e-02,2.6475e-04,2.4072e-01,1.0499e-04,1.6206e-01,1.2428e-03
8.1176e-02,1.1708e-01,4.2735e-02,1.7566e-01,1.0602e-01,5.8357e-05,3.8347e-01,1.0623e-05,9.2617e-02,1.1712e-03
7.6017e-02,1.5140e-01,7.7959e-02,1.3136e-01,5.6428e-02,4.5154e-06,4.6848e-01,8.4265e-06,3.7317e-02,1.0328e-03
1.2008e-01,1.3865e-01,1.0117e-01,1.6322e-01,1.1619e-01,4.2318e-03,2.8205e-01,4.4476e-04,6.7609e-02,6.3486e-03
1.0284e-01,1.2527e-01,9.9035e-02,3.2167e-01,8.2268e-02,1.3583e-03,2.0418e-01,2.8218e-04,6.0896e-02,2.1924e-03
9.2462e-02,1.2343e-01,1.0154e-01,2.4036e-01,7.6365e-02,4.2864e-03,3.1210e-01,2.5728e-04,3.6392e-02,1.2805e-02
6.2504e-02,1.5445e-01,1.2486e-01,1.7248e-01,1.0783e-01,5.6696e-03,3.1712e-01,2.3417e-03,3.6550e-02,1.6189e-02
1.2916e-01,1.0983e-01,9.6976e-02,1.1787e-01,1.5380e-01,1.7074e-04,2.9475e-01,1.8071e-05,9.6544e-02,8.8331e-04
1.0431e-01,1.2077e-01,6.7891e-02,1.7489e-01,1.1511e-01,3.8854e-03,3.5599e-01,2.4167e-05,5.4814e-02,2.3139e-03
1.2336e-01,1.3719e-01,4.0055e-02,1.3869e-01,7.2595e-02,5.1193e-03,3.8970e-01,7.2982e-04,9.2260e-02,3.0454e-04
1.2000e-01,1.1824e-01,8.3469e-02,1.8666e-01,4.0242e-02,4.8880e-03,3.3471e-01,7.3737e-04,1.0095e-01,1.0117e-02
5.6939e-02,1.0275e-01,1.0821e-01,2.1068e-01,6.6781e-02,1.4071e-03,3.0468e-01,9.2919e-04,1.2995e-01,1.7675e-02
7.3516e-02,1.3620e-01,2.7398e-02,1.7330e-01,2.7172e-02,3.1614e-03,4.5566e-01,7.2181e-04,8.8343e-02,1.4532e-02
8.3914e-02,1.3446e-01,4.6690e-02,1.1326e-01,4.1730e-02,1.3053e-04,4.8168e-01,7.4603e-05,9.7075e-02,9.9037e-04
8.9392e-02,1.3987e-01,7.3928e-02,1.4616e-01,4.8704e-02,4.6189e-04,3.7888e-01,1.7483e-04,8.6304e-02,3.6128e-02
1.1405e-01,1.4860e-01,1.0178e-01,1.9737e-01,6.0964e-02,3.6362e-03,2.6922e-01,1.3141e-04,9.7540e-02,6.7003e-03
1.1495e-01,1.5198e-01,1.0116e-01,1.6790e-01,1.5879e-01,3.0395e-03,1.8941e-01,5.8160e-04,9.0022e-02,2.2171e-02
8.6530e-02,1.5480e-01,8.3034e-02,2.1275e-01,8.4825e-02,2.3407e-03,2.4371e-01,1.1098e-03,9.5115e-02,3.5787e-02
8.4364e-02,1.7638e-01,7.4029e-02,1.6687e-01,1.0903e-01,1.4470e-04,3.2074e-01,2.7193e-05,4.7885e-02,2.0534e-02
6.5197e-02,1.3241e-01,6.8789e-02,2.0564e-01,1.2232e-01,2.5678e-02,2.8321e-01,1.5710e-04,9.5398e-02,1.1978e-03
8.9036e-02,1.5308e-01,1.6861e-02,1.7006e-01,3.7136e-02,5.0042e-03,4.1979e-01,1.7064e-04,7.3972e-02,3.4896e-02
5.9194e-02,1.3283e-01,5.1548e-02,2.0848e-01,1.0069e-01,5.8602e-04,3.6542e-01,7.0191e-03,6.1333e-02,1.2887e-02
8.5162e-02,1.4684e-01,7.8015e-02,1.4884e-01,4.7663e-02,1.1819e-02,4.5316e-01,1.8215e-04,2.1860e-02,6.4599e-03
6.1551e-02,1.5138e-01,9.2022e-02,2.1676e-01,5.0232e-02,4.0423e-03,3.4172e-01,1.8021e-04,5.7393e-02,2.4724e-02
1.0882e-01,1.2419e-01,1.1167e-01,1.1909e-01,7.7991e-02,5.0848e-03,3.7687e-01,1.2427e-04,4.5103e-02,3.1050e-02
9.3570e-02,9.0065e-02,7.9736e-02,1.1531e-01,9.1127e-02,2.4053e-05,4.8654e-01,3.8120e-06,3.8408e-02,5.2117e-03
6.6829e-02,1.3531e-01,5.7405e-02,1.5874e-01,1.3916e-01,6.5157e-04,3.4984e-01,1.1928e-04,7.1086e-02,2.0862e-02
9.5868e-02,1.2361e-01,5.1910e-02,1.4568e-01,9.3852e-02,5.2634e-04,3.5426e-01,3.8688e-03,7.6339e-02,5.4081e-02
1.6938e-01,7.4716e-02,1.1593e-01,1.5291e-01,1.0510e-01,9.8079e-03,2.2430e-01,7.3208e-03,1.3283e-01,7.6996e-03
9.6860e-02,1.4852e-01,7.2309e-02,7.5390e-02,1.1161e-01,1.8766e-02,3.8684e-01,2.3715e-05,6.2640e-02,2.7033e-02
9.8712e-02,9.7122e-02,7.5588e-02,1.5244e-01,1.9763e-01,2.0012e-03,2.5250e-01,3.6142e-03,1.0054e-01,1.9852e-02
1.5230e-01,1.5721e-01,1.2041e-01,1.2028e-01,1.3098e-01,7.9756e-03,1.8891e-01,4.2731e-03,8.7309e-02,3.0355e-02
6.5121e-02,1.5893e-01,1.0200e-01,1.5324e-01,1.1954e-01,4.4994e-03,2.4623e-01,5.9396e-03,1.2901e-01,1.5492e-02
7.8623e-02,1.2741e-01,8.6825e-02,1.2765e-01,1.0943e-01,6.8341e-03,3.1809e-01,1.0590e-03,1.2366e-01,2.0431e-02
5.6962e-02,1.5354e-01,9.5813e-02,1.7384e-01,8.6770e-02,2.3163e-02,2.6347e-01,6.7082e-04,1.2792e-01,1.7861e-02
1.0360e-01,1.0241e-01,1.2484e-01,1.1117e-01,1.8459e-01,2.0113e-02,2.5167e-01,1.3992e-04,9.2599e-02,8.8562e-03
1.2616e-01,1.0844e-01,8.7591e-02,1.7184e-01,1.6119e-01,1.0442e-02,2.3013e-01,1.0899e-04,9.1580e-02,1.2517e-02
1.4923e-01,9.7689e-02,7.6944e-02,1.9998e-01,1.0929e-01,8.4378e-03,2.8566e-01,4.0375e-03,5.2201e-02,1.6533e-02
1.0459e-01,8.0164e-02,1.1250e-01,1.6376e-01,1.2935e-01,4.0930e-03,3.4632e-01,1.0608e-04,4.8623e-02,1.0503e-02
1.0068e-01,1.4625e-01,1.0458e-01,2.1541e-01,1.1831e-01,5.1958e-03,2.8259e-01,2.1281e-04,2.6481e-02,2.9930e-04
1.6570e-01,1.1864e-01,1.0827e-01,1.5441e-01,1.3350e-01,6.8828e-03,2.7185e-01,1.4282e-04,3.4827e-02,5.7791e-03
8.3723e-02,9.7336e-02,8.8069e-02,2.5739e-01,1.2562e-01,1.1798e-03,2.8676e-01,5.1277e-05,5.9221e-02,6.5550e-04
1.5490e-01,1.5143e-01,9.1042e-02,1.2972e-01,1.8070e-01,2.4779e-03,2.6339e-01,1.6085e-04,2.5976e-02,2.0030e-04
1.3183e-01,1.1173e-01,1.4063e-01,2.2814e-01,1.1205e-01,8.3697e-04,2.2531e-01,1.2839e-03,4.7843e-02,3.3718e-04
1.2962e-01,6.3594e-02,1.7233e-01,1.9860e-01,1.6719e-01,1.5670e-03,2.1707e-01,1.0483e-04,4.9429e-02,4.9854e-04
1.7696e-01,4.9340e-02,1.7117e-01,2.4138e-01,9.8263e-02,1.2226e-03,2.2065e-01,4.7005e-04,3.9503e-02,1.0484e-03
1.3989e-01,9.9631e-02,1.0891e-01,2.0957e-01,1.8876e-01,8.3089e-04,2.1413e-01,1.8880e-03,3.6112e-02,2.6441e-04
1.0389e-01,6.1514e-02,1.4542e-01,1.8403e-01,1.2649e-01,5.8281e-03,2.8497e-01,7.4012e-03,7.9785e-02,6.7676e-04
9.4099e-02,7.3385e-02,1.0227e-01,2.8591e-01,9.9084e-02,6.6199e-04,2.7753e-01,6.0619e-04,6.6097e-02,3.5196e-04
8.5893e-02,8.1150e-02,1.3482e-01,1.8932e-01,1.5498e-01,1.1631e-02,2.5169e-01,1.2190e-04,9.0151e-02,2.4146e-04
1.1941e-01,7.3005e-02,1.0157e-01,2.6182e-01,7.4699e-02,6.1002e-03,3.3494e-01,7.0131e-05,2.8222e-02,1.6240e-04
1.0133e-01,8.3412e-02,1.7374e-01,1.8629e-01,1.3405e-01,1.4120e-02,2.5883e-01,9.7198e-05,4.7634e-02,4.9608e-04
1.1162e-01,7.3523e-02,1.4093e-01,2.5099e-01,1.1035e-01,7.6073e-03,2.4426e-01,1.5144e-04,5.9802e-02,7.6670e-04
9.8841e-02,1.3226e-01,1.1092e-01,1.7729e-01,1.1815e-01,6.9540e-03,2.7014e-01,6.2555e-05,8.0025e-02,5.3519e-03
1.1102e-01,1.3740e-01,1.6767e-01,2.1895e-01,1.0239e-01,4.7546e-03,2.1031e-01,8.4545e-05,4.6520e-02,9.0542e-04
1.0068e-01,1.2072e-01,1.3467e-01,2.1802e-01,2.0027e-01,6.8308e-03,1.7408e-01,4.5180e-03,3.8966e-02,1.2564e-03
1.1088e-01,1.4287e-01,1.5407e-01,1.2788e-01,1.5720e-01,5.4319e-04,2.6562e-01,1.3020e-04,4.0349e-02,4.6363e-04
1.1804e-01,1.0754e-01,1.2386e-01,2.2289e-01,1.1548e-01,6.4069e-03,2.8080e-01,1.6381e-03,2.3220e-02,1.2902e-04
8.7823e-02,1.1288e-01,1.5198e-01,2.5296e-01,1.1079e-01,4.9050e-04,2.3665e-01,9.0905e-05,4.6001e-02,3.4818e-04
6.7205e-02,1.1987e-01,1.9066e-01,2.2899e-01,8.2135e-02,5.2582e-03,2.6936e-01,2.1944e-05,3.6091e-02,4.1140e-04
8.5613e-02,1.2273e-01,1.8735e-01,1.6327e-01,1.4265e-01,9.7548e-03,2.4094e-01,1.2189e-05,4.7392e-02,2.8837e-04
1.2324e-01,1.4964e-01,1.4447e-01,1.3402e-01,1.1213e-01,1.0504e-03,2.7423e-01,2.0448e-05,5.1253e-02,9.9465e-03
9.0552e-02,7.8594e-02,1.5751e-01,2.2645e-01,1.3317e-01,1.7784e-02,2.7838e-01,6.6609e-06,1.7406e-02,1.4352e-04
6.6656e-02,1.0385e-01,1.0691e-01,1.7171e-01,1.7801e-01,8.6784e-03,3.1112e-01,1.6757e-04,5.1089e-02,1.7970e-03
9.9309e-02,1.5054e-01,1.4379e-01,1.9563e-01,1.3160e-01,8.9352e-03,2.1952e-01,4.5291e-05,5.0533e-02,9.9232e-05
9.2298e-02,6.3909e-02,1.7129e-01,2.5883e-01,1.2195e-01,1.0167e-02,2.5265e-01,2.2856e-04,2.8448e-02,2.2565e-04
1.0902e-01,1.1041e-01,1.0915e-01,1.5877e-01,8.7849e-02,4.6841e-03,3.6268e-01,1.8178e-05,5.7283e-02,1.3783e-04
9.5661e-02,1.1043e-01,1.0378e-01,2.0227e-01,1.4770e-01,3.8167e-03,2.7649e-01,1.2650e-05,5.9712e-02,1.3129e-04
8.9740e-02,1.6591e-01,1.3163e-01,1.6803e-01,1.4108e-01,7.7609e-03,2.3200e-01,3.1901e-04,6.3071e-02,4.6583e-04
1.0120e-01,1.0278e-01,1.2384e-01,2.6525e-01,7.1725e-02,1.4939e-04,2.5887e-01,1.5421e-04,6.7335e-02,8.7051e-03
7.5895e-02,1.3605e-01,1.7234e-01,1.8266e-01,1.2485e-01,3.7472e-03,2.7867e-01,4.0807e-03,2.0851e-02,8.5642e-04
6.1830e-02,1.1133e-01,1.6406e-01,2.7031e-01,1.7836e-01,4.5762e-03,1.5538e-01,1.3999e-03,5.2105e-02,6.4379e-04
1.2715e-01,1.2911e-01,1.4465e-01,1.6595e-01,1.3795e-01,6.2453e-03,2.6226e-01,2.6866e-05,2.6403e-02,2.5573e-04
8.7527e-02,1.5634e-01,1.0324e-01,2.3258e-01,8.5541e-02,1.4332e-04,2.7222e-01,1.4571e-04,5.7026e-02,5.2314e-03
1.0270e-01,9.3379e-02,1.8967e-01,1.8327e-01,1.7197e-01,2.8228e-04,2.1966e-01,3.6221e-03,3.4946e-02,4.9623e-04
1.2050e-01,9.8087e-02,1.5316e-01,2.1341e-01,9.9757e-02,7.0290e-05,2.6356e-01,6.6389e-05,4.6282e-02,5.1127e-03
7.9351e-02,8.0886e-02,1.7701e-01,2.4888e-01,1.0398e-01,4.1855e-04,2.4409e-01,9.2473e-05,6.0561e-02,4.7301e-03
9.2279e-02,1.3019e-01,1.1142e-01,1.7248e-01,1.7864e-01,1.2414e-04,2.7728e-01,4.9818e-03,2.7389e-02,5.2270e-03
7.7490e-02,9.7746e-02,9.9797e-02,2.0248e-01,1.0918e-01,8.6911e-03,3.6490e-01,1.5985e-05,3.8160e-02,1.5434e-03
1.1057e-01,8.9859e-02,1.2607e-01,2.2873e-01,9.8545e-02,5.2563e-03,2.7483e-01,4.7874e-05,6.5798e-02,2.8679e-04
1.2706e-01,1.1007e-01,1.1473e-01,1.8331e-01,6.5014e-02,9.7592e-04,3.3219e-01,3.8398e-05,6.1251e-02,5.3629e-03
6.8652e-02,1.1342e-01,1.2970e-01,2.1121e-01,1.4151e-01,4.6446e-04,2.9260e-01,2.8450e-05,3.7297e-02,5.1204e-03
8.0829e-02,1.2752e-01,1.4958e-01,2.1183e-01,1.0154e-01,3.2615e-03,2.7850e-01,6.1331e-05,4.5240e-02,1.6339e-03
1.1358e-01,9.7706e-02,1.1947e-01,3.0091e-01,8.7330e-02,2.0609e-03,2.0322e-01,4.1006e-04,6.6551e-02,8.7642e-03
1.4038e-01,1.2679e-01,1.5734e-01,1.9419e-01,1.1327e-01,1.6141e-03,2.0694e-01,2.9836e-05,5.4242e-02,5.2025e-03
1.4207e-01,1.0694e-01,1.1665e-01,1.9450e-01,1.2277e-01,4.1638e-04,2.3039e-01,3.7227e-05,8.5784e-02,4.3913e-04
1.3020e-01,9.5057e-02,9.9668e-02,1.8891e-01,1.5679e-01,2.6930e-04,2.9463e-01,4.8035e-05,3.3955e-02,4.7050e-04
7.2198e-02,1.4875e-01,1.4699e-01,2.4586e-01,1.3212e-01,3.3671e-04,1.9937e-01,1.5203e-03,4.7594e-02,5.2618e-03
6.3908e-02,1.1782e-01,1.5125e-01,2.1305e-01,2.0809e-01,7.6286e-03,2.0599e-01,1.1690e-04,3.1784e-02,3.6109e-04
1.0279e-01,1.1028e-01,1.7800e-01,2.1109e-01,1.0880e-01,6.7333e-03,2.1432e-01,2.5247e-05,6.7835e-02,1.2837e-04
1.2124e-01,8.5809e-02,1.6317e-01,1.7897e-01,1.3577e-01,1.0543e-03,2.6390e-01,6.2658e-05,4.8251e-02,1.7760e-03
1.3166e-01,9.1918e-02,1.5653e-01,2.0488e-01,1.4161e-01,2.2530e-03,2.2549e-01,9.9969e-05,4.3962e-02,1.6006e-03
1.2019e-01,8.9642e-02,1.8006e-01,2.0079e-01,1.2389e-01,3.0371e-04,2.4830e-01,9.0064e-05,3.5532e-02,1.2218e-03
1.0420e-01,5.0475e-02,1.2123e-01,2.5765e-01,1.2948e-01,1.0209e-02,2.8240e-01,1.5121e-04,4.3145e-02,1.0459e-03
1.2721e-01,7.4322e-02,1.5919e-01,1.9547e-01,1.2759e-01,7.2872e-04,2.5724e-01,2.2923e-04,5.2885e-02,5.1416e-03
1.1357e-01,9.4252e-02,1.6985e-01,2.6752e-01,1.1670e-01,8.4309e-04,1.9274e-01,1.8316e-05,4.4351e-02,1.4680e-04
1.3628e-01,7.1296e-02,1.9992e-01,2.5211e-01,9.3757e-02,5.8437e-04,2.0387e-01,1.9357e-05,4.2080e-02,8.6642e-05
1.4210e-01,9.2582e-02,1.3643e-01,2.0702e-01,1.1293e-01,5.7221e-03,2.5205e-01,6.0023e-05,5.0397e-02,7.0750e-04
6.9346e-02,1.0247e-01,1.5351e-01,2.1151e-01,1.3438e-01,5.7307e-04,2.8553e-01,1.2528e-04,4.2387e-02,1.7261e-04
7.9884e-02,1.0775e-01,1.6325e-01,2.1609e-01,1.3880e-01,1.0371e-03,2.1096e-01,9.6867e-05,8.1921e-02,2.1134e-04
1.0224e-01,8.4390e-02,1.7596e-01,2.1522e-01,1.5766e-01,2.0498e-04,2.0889e-01,1.9778e-05,5.0183e-02,5.2348e-03
1.5856e-01,1.2869e-01,1.4735e-01,1.9626e-01,1.1765e-01,2.8792e-03,2.3155e-01,1.5181e-04,1.6522e-02,3.9203e-04
7.9958e-02,7.8687e-02,9.8884e-02,2.2559e-01,1.2320e-01,2.1433e-03,3.3091e-01,7.5187e-05,6.0300e-02,2.5128e-04
1.0930e-01,8.0024e-02,1.6519e-01,2.0513e-01,1.1938e-01,6.9758e-03,2.5023e-01,1.6244e-04,5.8239e-02,5.3681e-03
1.1611e-01,1.2437e-01,1.0826e-01,2.2091e-01,1.1185e-01,4.2697e-04,2.6225e-01,3.1762e-03,5.0703e-02,1.9339e-03
1.4428e-01,7.5051e-02,1.2853e-01,2.0543e-01,1.3152e-01,3.2900e-04,2.5255e-01,2.0094e-05,6.2088e-02,2.1253e-04
1.0707e-01,1.0403e-01,6.9849e-02,1.9535e-01,1.2823e-01,3.8595e-05,3.4367e-01,2.5882e-05,5.1650e-02,9.4216e-05
1.1808e-01,1.5012e-01,1.4160e-01,1.6779e-01,1.0944e-01,1.0968e-04,2.5383e-01,2.7698e-05,5.8915e-02,9.1230e-05
1.2058e-01,8.6025e-02,2.1877e-01,2.2490e-01,1.0129e-01,1.8412e-03,1.8441e-01,2.6995e-05,6.1989e-02,1.6846e-04
1.3740e-01,1.0331e-01,1.5199e-01,1.6057e-01,1.2477e-01,5.1497e-05,2.5620e-01,1.7554e-05,6.4969e-02,7.2285e-04
1.3509e-01,9.8888e-02,1.1744e-01,1.8937e-01,9.6784e-02,1.4834e-03,2.7899e-01,9.6654e-05,7.4911e-02,6.9351e-03
1.2494e-01,1.1616e-01,1.0823e-01,1.9257e-01,8.2444e-02,5.4665e-05,3.0847e-01,4.2601e-05,6.6962e-02,1.2682e-04
1.2924e-01,8.8612e-02,1.2977e-01,1.9296e-01,1.3928e-01,1.8579e-04,2.5308e-01,6.5316e-05,6.6697e-02,9.4855e-05
1.3804e-01,1.0144e-01,1.6928e-01,1.5362e-01,1.6389e-01,2.8270e-05,1.9778e-01,1.5974e-05,7.0677e-02,5.2209e-03
1.2293e-01,1.0994e-01,1.5370e-01,2.0801e-01,1.3471e-01,5.0100e-03,1.9823e-01,2.1931e-05,6.5453e-02,1.9911e-03
1.2679e-01,9.7144e-02,1.0162e-01,2.1666e-01,1.4208e-01,3.3813e-04,2.6717e-01,1.1103e-05,4.8183e-02,1.4982e-05
1.4910e-01,9.9985e-02,1.6855e-01,1.1254e-01,1.5350e-01,4.3352e-03,2.5591e-01,3.2835e-05,5.5893e-02,1.5697e-04
1.3441e-01,7.7536e-02,1.6549e-01,1.9946e-01,1.4915e-01,2.1881e-05,2.2021e-01,3.4949e-05,5.3420e-02,2.6830e-04
1.1639e-01,1.3485e-01,1.3082e-01,1.4586e-01,1.3343e-01,2.3924e-05,2.4907e-01,1.3426e-05,8.4285e-02,5.2609e-03
1.1787e-01,9.0081e-02,1.4012e-01,2.1443e-01,1.1947e-01,1.3213e-05,2.3817e-01,1.1023e-05,7.8643e-02,1.1948e-03
1.5123e-01,1.0497e-01,1.0608e-01,1.9154e-01,1.0778e-01,1.2638e-05,2.9290e-01,1.1688e-05,4.4331e-02,1.1407e-03
1.1454e-01,1.0747e-01,9.8141e-02,1.8097e-01,1.2486e-01,3.5304e-03,3.0156e-01,8.3114e-05,6.8523e-02,3.2151e-04
1.3739e-01,9.7710e-02,1.0362e-01,1.9983e-01,1.2981e-01,3.5940e-04,2.6672e-01,1.7017e-04,6.3981e-02,4.0471e-04
1.2702e-01,8.4168e-02,1.1368e-01,1.6669e-01,1.5930e-01,2.2137e-05,3.1295e-01,8.8780e-06,3.6058e-02,9.8814e-05
1.2648e-01,1.3215e-01,1.4284e-01,1.9460e-01,1.1829e-01,2.0016e-05,2.1588e-01,9.2974e-05,6.9581e-02,5.4907e-05
1.5051e-01,1.2748e-01,8.3170e-02,1.7275e-01,1.0034e-01,2.1908e-03,2.9634e-01,7.9534e-04,6.4416e-02,2.0071e-03
1.3623e-01,1.3384e-01,1.3447e-01,2.1233e-01,1.0917e-01,1.0886e-04,2.2048e-01,1.9001e-03,5.1400e-02,7.1247e-05
1.1676e-01,1.1527e-01,1.3151e-01,1.7873e-01,1.3791e-01,1.5209e-05,2.4937e-01,3.6870e-05,7.0205e-02,1.8295e-04
1.0742e-01,1.2983e-01,1.4165e-01,1.9490e-01,1.2480e-01,4.5626e-04,2.3606e-01,2.0544e-04,6.4584e-02,9.4688e-05
1.1342e-01,1.0920e-01,1.1150e-01,2.2398e-01,1.2956e-01,7.1457e-03,2.3623e-01,3.6613e-05,6.8805e-02,1.0993e-04
1.1923e-01,1.1536e-01,1.6222e-01,2.2747e-01,1.0565e-01,2.9601e-04,2.1565e-01,5.4424e-05,5.3938e-02,1.3231e-04
1.2611e-01,1.1445e-01,1.0586e-01,2.0649e-01,9.2553e-02,4.8789e-05,2.9757e-01,2.5641e-05,5.6366e-02,5.2720e-04
9.3164e-02,1.5550e-01,7.9663e-02,2.0515e-01,1.0974e-01,6.6273e-05,3.1383e-01,2.0414e-05,4.2587e-02,2.8025e-04
1.1831e-01,1.1457e-01,1.3294e-01,2.3188e-01,1.0172e-01,5.4794e-03,2.3946e-01,3.5160e-05,5.5498e-02,1.2188e-04
1.3720e-01,1.2508e-01,1.2679e-01,2.0399e-01,7.7552e-02,1.0062e-04,2.7184e-01,1.1790e-05,5.7233e-02,1.9775e-04
1.2800e-01,1.1048e-01,1.5600e-01,1.5667e-01,1.2851e-01,4.3996e-03,2.3927e-01,1.0051e-04,7.0752e-02,5.8108e-03
8.7475e-02,1.3671e-01,1.7752e-01,2.1605e-01,1.1294e-01,7.4088e-03,1.9342e-01,1.5835e-03,6.5705e-02,1.1820e-03
1.6458e-01,1.0737e-01,1.5394e-01,1.5310e-01,1.0552e-01,4.3605e-03,2.6117e-01,4.5504e-05,4.9095e-02,8.1337e-04
1.2306e-01,1.0528e-01,1.4351e-01,1.7558e-01,1.3404e-01,3.1176e-05,2.6205e-01,2.5494e-03,5.3496e-02,4.0831e-04
1.1777e-01,8.1114e-02,1.0876e-01,2.5148e-01,1.2017e-01,1.2840e-04,2.6928e-01,5.6577e-05,5.0880e-02,3.5456e-04
1.5682e-01,1.3708e-01,1.0962e-01,2.0499e-01,1.3414e-01,1.2306e-03,1.9918e-01,3.2339e-05,5.6715e-02,1.8968e-04
1.2063e-01,1.1905e-01,1.1894e-01,1.7210e-01,7.7438e-02,2.5154e-04,3.2281e-01,5.1321e-05,6.8607e-02,1.2450e-04
1.2960e-01,1.1771e-01,1.0927e-01,2.1241e-01,6.4017e-02,4.0898e-03,2.9944e-01,2.8261e-05,6.3431e-02,1.1204e-05
1.3709e-01,1.0466e-01,1.5750e-01,1.5343e-01,1.2854e-01,1.9440e-04,2.7986e-01,2.3852e-05,3.8547e-02,1.5073e-04
1.0368e-01,1.1678e-01,9.4288e-02,1.4446e-01,9.6188e-02,2.8708e-03,3.6795e-01,3.3267e-03,7.0257e-02,2.0137e-04
1.0803e-01,1.3220e-01,1.3837e-01,1.7575e-01,1.1852e-01,3.2308e-03,2.4281e-01,1.3787e-03,7.9487e-02,2.3950e-04
1.0091e-01,1.2223e-01,9.0261e-02,2.0337e-01,1.4188e-01,6.6067e-04,2.8508e-01,2.1908e-05,5.5108e-02,4.7030e-04
1.4478e-01,1.2564e-01,1.9414e-01,1.3491e-01,1.0795e-01,2.1655e-03,2.4088e-01,6.6518e-04,4.8655e-02,2.1223e-04
1.2030e-01,1.2103e-01,1.5166e-01,1.8287e-01,1.2168e-01,7.7629e-03,2.3773e-01,9.9172e-05,5.6526e-02,3.5533e-04
9.4402e-02,1.2349e-01,9.4131e-02,2.0464e-01,1.2223e-01,1.5762e-03,2.8044e-01,2.6588e-05,7.8955e-02,1.1929e-04
1.7706e-01,1.1886e-01,1.1759e-01,1.5590e-01,8.1702e-02,1.1403e-04,2.6863e-01,3.8235e-05,7.7962e-02,2.1346e-03
1.3112e-01,1.3904e-01,1.3531e-01,1.5376e-01,1.4440e-01,6.0828e-05,2.5346e-01,1.4449e-04,4.2434e-02,2.6724e-04
1.1463e-01,1.8521e-01,9.9797e-02,1.7393e-01,1.4656e-01,9.0955e-04,2.2061e-01,1.5130e-04,5.7935e-02,2.6371e-04
1.0889e-01,1.3525e-01,1.2863e-01,1.5341e-01,1.1794e-01,9.6257e-04,3.1629e-01,1.1542e-04,3.8151e-02,3.5469e-04
5.6075e-02,1.4875e-01,1.3938e-01,1.6605e-01,1.2144e-01,2.3710e-03,3.0014e-01,6.3868e-06,6.5741e-02,4.1142e-05
1.1716e-01,1.6381e-01,1.0991e-01,1.6337e-01,9.2736e-02,2.6868e-03,2.8373e-01,1.6999e-05,6.6483e-02,1.0470e-04
1.3354e-01,1.5427e-01,1.1764e-01,1.5906e-01,1.1517e-01,4.2419e-03,2.5812e-01,8.2923e-06,5.7781e-02,1.7318e-04
1.2597e-01,1.4462e-01,8.3247e-02,1.8721e-01,1.3627e-01,3.7244e-05,2.7717e-01,1.0766e-04,4.4714e-02,6.4704e-04
1.0292e-01,1.2501e-01,1.7475e-01,1.4920e-01,1.3350e-01,2.9922e-03,2.2561e-01,4.6625e-05,8.5629e-02,3.3474e-04
1.0601e-01,1.2748e-01,1.3706e-01,2.1996e-01,1.1614e-01,3.3913e-03,2.5525e-01,6.7808e-05,3.3748e-02,8.9437e-04
1.1487e-01,1.2788e-01,9.9066e-02,1.9619e-01,9.7458e-02,2.2727e-04,2.9895e-01,5.5202e-05,6.5004e-02,3.0105e-04
1.1255e-01,1.8099e-01,1.2335e-01,1.6618e-01,1.1614e-01,1.5831e-03,2.3008e-01,1.3578e-05,6.9023e-02,1.0179e-04
1.1204e-01,1.3864e-01,1.3038e-01,1.5898e-01,7.5184e-02,1.2011e-03,3.3333e-01,6.7518e-05,4.7429e-02,2.7543e-03
7.7523e-02,1.4283e-01,1.2700e-01,1.7867e-01,8.2051e-02,4.8533e-03,2.9426e-01,1.2875e-04,9.2223e-02,4.6235e-04
1.5302e-01,1.0842e-01,1.6742e-01,1.5069e-01,1.3106e-01,1.5741e-03,2.1128e-01,1.3472e-04,7.1845e-02,4.5578e-03
1.2551e-01,1.9571e-01,1.3842e-01,1.5814e-01,9.8667e-02,8.9641e-04,2.3672e-01,6.5073e-05,4.5176e-02,6.9611e-04
1.4267e-01,1.0329e-01,1.4014e-01,1.9332e-01,9.6372e-02,5.0765e-04,2.5595e-01,1.9135e-04,6.5750e-02,1.8082e-03
1.6658e-01,1.1849e-01,1.3050e-01,1.2946e-01,9.3482e-02,1.1116e-03,2.9489e-01,3.9316e-05,6.4649e-02,7.9178e-04
1.2744e-01,1.4189e-01,1.2232e-01,1.6631e-01,1.0874e-01,8.1708e-05,2.8413e-01,9.5111e-05,4.8714e-02,2.7919e-04
1.3544e-01,1.4621e-01,1.8317e-01,1.5366e-01,9.6158e-02,2.7271e-03,2.3264e-01,1.8214e-04,4.8698e-02,1.1099e-03
1.2158e-01,1.5692e-01,1.2236e-01,2.1611e-01,1.3358e-01,5.2835e-05,2.0273e-01,5.5999e-05,4.6378e-02,2.2754e-04
1.4842e-01,1.6551e-01,9.2372e-02,1.8797e-01,1.0721e-01,9.3055e-04,2.5120e-01,1.8924e-05,4.6153e-02,2.0461e-04
1.5051e-01,1.5444e-01,1.2460e-01,1.9440e-01,7.6090e-02,1.9902e-04,2.7141e-01,3.3843e-04,2.6539e-02,1.4831e-03
1.3320e-01,1.4130e-01,1.3299e-01,1.1768e-01,1.0616e-01,3.0532e-05,2.7872e-01,7.3817e-05,8.9768e-02,8.5423e-05
1.2765e-01,1.8234e-01,1.0601e-01,1.7395e-01,1.2026e-01,2.7801e-04,2.5886e-01,1.7526e-04,2.8900e-02,1.5819e-03
1.3888e-01,1.4523e-01,1.5109e-01,1.7257e-01,1.4860e-01,8.4443e-05,1.8130e-01,2.1953e-04,6.1737e-02,2.8315e-04
1.1802e-01,1.2693e-01,9.7929e-02,1.7902e-01,1.3437e-01,4.0203e-04,2.8279e-01,3.1509e-04,5.9030e-02,1.2018e-03
9.9325e-02,1.2676e-01,8.6933e-02,1.8638e-01,1.1439e-01,1.2067e-05,3.4679e-01,8.8748e-06,3.9354e-02,4.1595e-05
1.2147e-01,1.6715e-01,1.2232e-01,1.6082e-01,9.0150e-02,2.5810e-05,2.7628e-01,2.2795e-05,6.1623e-02,1.3355e-04
1.4905e-01,1.4242e-01,9.4753e-02,1.6700e-01,9.6828e-02,1.7052e-05,2.8649e-01,2.5289e-05,6.3172e-02,2.5947e-04
1.4028e-01,1.4805e-01,1.3532e-01,1.8730e-01,1.1452e-01,1.2340e-04,2.3568e-01,1.3450e-04,3.3500e-02,5.0857e-03
1.0702e-01,1.4923e-01,8.5399e-02,1.9362e-01,1.6791e-01,4.8109e-03,2.1635e-01,3.9551e-05,7.5266e-02,3.5685e-04
1.2204e-01,1.6920e-01,1.1008e-01,1.5536e-01,1.1801e-01,3.8547e-03,2.5606e-01,2.6400e-05,6.5209e-02,1.6838e-04
1.6050e-01,1.2415e-01,1.0334e-01,2.1242e-01,1.0442e-01,5.5069e-04,2.0417e-01,4.3433e-03,8.5918e-02,1.8688e-04
1.2075e-01,1.5861e-01,1.2015e-01,1.8810e-01,1.2264e-01,1.2628e-03,2.2685e-01,3.5797e-03,5.7537e-02,5.2244e-04
1.0684e-01,1.4035e-01,1.2980e-01,2.0658e-01,1.1487e-01,2.9201e-04,2.5708e-01,6.3404e-05,4.4022e-02,1.1154e-04
1.4652e-01,1.6045e-01,7.4715e-02,1.8986e-01,1.0742e-01,2.7299e-04,2.9013e-01,1.4002e-05,2.6789e-02,3.8318e-03
8.0103e-02,1.4363e-01,1.6314e-01,1.3979e-01,1.5013e-01,2.1392e-04,2.7555e-01,2.1317e-05,4.7365e-02,6.0230e-05
1.7663e-01,1.0273e-01,9.4037e-02,2.0345e-01,1.0259e-01,1.7082e-05,2.6495e-01,4.5384e-05,5.5344e-02,1.9805e-04
1.1320e-01,1.4590e-01,1.2989e-01,1.8757e-01,1.2459e-01,2.4165e-03,2.3842e-01,3.1762e-04,5.7021e-02,6.7665e-04
1.4203e-01,1.0214e-01,1.1083e-01,1.8459e-01,1.2738e-01,3.3459e-03,2.6083e-01,6.0384e-05,6.7947e-02,8.4896e-04
1.2465e-01,1.1493e-01,1.0900e-01,2.0434e-01,8.6952e-02,3.9120e-04,3.2415e-01,3.9135e-05,3.5331e-02,2.2040e-04
1.3563e-01,1.3696e-01,1.2469e-01,1.7219e-01,1.0919e-01,8.5888e-05,2.8061e-01,3.1322e-04,4.0184e-02,1.4838e-04
7.8806e-02,1.1935e-01,1.0840e-01,2.0281e-01,9.8517e-02,5.8451e-05,3.3969e-01,1.0190e-04,5.2188e-02,7.7606e-05
1.1941e-01,1.1515e-01,6.8119e-02,2.0288e-01,1.2215e-01,2.9232e-05,3.2475e-01,1.6114e-05,4.7333e-02,1.5887e-04
1.2601e-01,1.1564e-01,1.1001e-01,1.9911e-01,1.6716e-01,1.0262e-04,2.2669e-01,5.5957e-05,5.5121e-02,9.8096e-05
8.1994e-02,1.1713e-01,1.1781e-01,2.1525e-01,1.2905e-01,1.6548e-04,2.9915e-01,1.5461e-04,3.9012e-02,2.7569e-04
1.3141e-01,1.5752e-01,8.8798e-02,2.0165e-01,1.1034e-01,7.8214e-05,2.6491e-01,1.0432e-04,3.9992e-02,5.1964e-03
1.0279e-01,1.2292e-01,1.1414e-01,1.5320e-01,1.7149e-01,1.3991e-05,2.6221e-01,4.6601e-03,6.8485e-02,8.4830e-05
1.1282e-01,1.1683e-01,1.0207e-01,2.0680e-01,1.5893e-01,5.0687e-05,2.5098e-01,2.8592e-05,5.1205e-02,2.7914e-04
1.0404e-01,1.6805e-01,1.6510e-01,1.5743e-01,1.0212e-01,9.2601e-05,2.5337e-01,9.0651e-06,4.9616e-02,1.7002e-04
9.5728e-02,1.4671e-01,1.3945e-01,1.8691e-01,8.2337e-02,1.2592e-03,2.9695e-01,7.8078e-05,5.0410e-02,1.6065e-04
9.5030e-02,1.9202e-01,1.0814e-01,1.8584e-01,9.0134e-02,5.2000e-05,2.7941e-01,4.0952e-04,4.8601e-02,3.7585e-04
1.0251e-01,1.4950e-01,8.2723e-02,2.1882e-01,1.3387e-01,1.8082e-04,2.4570e-01,1.2017e-04,6.6208e-02,3.6637e-04
8.7465e-02,1.9788e-01,1.4463e-01,1.5797e-01,1.1453e-01,6.8741e-05,2.6510e-01,5.4753e-05,3.1648e-02,6.5204e-04
1.4182e-01,1.7458e-01,1.2498e-01,1.7374e-01,1.2556e-01,2.5502e-05,2.1234e-01,7.0666e-04,4.5981e-02,2.6342e-04
6.8562e-02,1.5434e-01,1.2103e-01,1.8446e-01,1.3208e-01,3.8626e-04,2.7970e-01,7.2846e-05,5.9209e-02,1.5427e-04
9.7426e-02,1.2088e-01,1.2668e-01,1.6604e-01,1.3438e-01,7.8945e-05,3.0723e-01,1.1684e-04,4.6358e-02,8.0300e-04
1.3061e-01,1.4956e-01,1.0110e-01,1.4239e-01,1.4976e-01,8.5794e-05,2.5956e-01,8.2087e-06,6.6864e-02,7.0406e-05
1.2175e-01,1.5683e-01,1.1743e-01,1.7104e-01,1.1665e-01,2.9329e-04,2.4958e-01,3.5138e-05,5.7342e-02,9.0651e-03
1.1953e-01,1.5560e-01,1.3158e-01,1.8708e-01,1.3746e-01,3.0164e-04,2.0983e-01,1.8367e-05,5.8535e-02,6.0763e-05
8.8659e-02,1.0586e-01,1.2505e-01,2.1236e-01,1.3160e-01,1.1563e-04,3.1306e-01,1.2004e-04,2.2607e-02,5.7848e-04
7.9118e-02,1.0321e-01,1.6105e-01,1.9081e-01,1.4179e-01,5.6568e-05,2.9204e-01,3.8983e-05,2.7888e-02,3.9952e-03
8.4705e-02,1.6192e-01,1.5056e-01,1.7355e-01,1.3289e-01,6.4250e-05,2.3075e-01,1.5695e-05,6.5376e-02,1.7608e-04
9.0562e-02,1.6459e-01,1.2084e-01,1.5852e-01,8.5796e-02,3.5820e-04,3.1745e-01,1.5184e-04,5.9501e-02,2.2247e-03
9.3497e-02,1.6174e-01,1.3462e-01,1.8707e-01,1.6353e-01,3.2539e-05,2.2682e-01,9.7699e-06,3.2620e-02,6.3153e-05
9.6842e-02,1.7934e-01,1.3483e-01,1.5695e-01,1.2935e-01,4.1961e-04,2.4447e-01,5.5609e-05,5.7618e-02,1.1663e-04
1.1766e-01,1.1450e-01,1.0049e-01,1.7630e-01,1.3915e-01,5.7292e-05,2.7382e-01,5.1589e-05,7.6647e-02,1.3125e-03
1.1618e-01,1.1977e-01,1.5911e-01,1.4192e-01,1.2963e-01,8.4325e-05,2.8691e-01,2.3137e-05,3.6251e-02,1.0125e-02
1.1499e-01,1.1421e-01,1.7199e-01,1.8239e-01,1.3157e-01,3.2807e-05,2.1896e-01,9.4340e-05,6.5305e-02,4.4605e-04
8.4357e-02,1.3803e-01,1.3133e-01,2.1193e-01,1.5496e-01,1.0538e-03,2.2515e-01,1.6644e-05,5.3070e-02,1.1038e-04
9.8627e-02,1.4102e-01,1.4106e-01,2.1413e-01,9.8163e-02,3.5324e-04,2.2277e-01,3.5895e-05,8.3782e-02,5.7161e-05
1.3699e-01,1.3095e-01,1.9262e-01,1.6895e-01,1.4305e-01,9.2273e-05,1.9161e-01,3.6333e-05,3.3941e-02,1.7723e-03
1.4138e-01,1.3607e-01,1.6067e-01,1.7436e-01,1.4386e-01,8.2900e-04,2.0367e-01,1.0699e-04,3.7208e-02,1.8410e-03
1.0435e-01,1.6757e-01,9.4398e-02,2.0664e-01,9.2642e-02,6.0400e-05,2.8078e-01,1.3687e-05,5.3485e-02,6.4298e-05
8.9166e-02,1.1110e-01,9.9898e-02,2.0835e-01,1.8169e-01,1.1522e-04,2.4743e-01,3.8725e-05,6.2017e-02,1.8496e-04
1.0311e-01,1.1836e-01,1.3957e-01,1.2950e-01,1.9433e-01,1.5823e-03,2.7532e-01,4.1146e-05,3.6872e-02,1.3210e-03
1.0399e-01,1.3166e-01,1.1862e-01,2.0007e-01,1.2841e-01,2.0954e-03,2.7271e-01,4.8643e-05,4.2090e-02,3.0622e-04
9.9395e-02,1.4586e-01,1.5024e-01,1.7654e-01,1.4073e-01,3.8905e-04,2.3093e-01,3.6029e-04,4.9562e-02,6.0034e-03
1.2324e-01,1.1564e-01,9.6118e-02,1.5668e-01,1.5575e-01,4.1233e-03,2.8269e-01,1.0889e-03,5.9130e-02,5.5463e-03
9.3167e-02,1.0731e-01,1.5244e-01,1.5888e-01,1.3865e-01,1.9655e-03,2.7861e-01,2.4356e-05,6.8310e-02,6.5250e-04
9.0596e-02,1.4838e-01,1.3639e-01,2.0337e-01,1.3160e-01,3.4300e-03,2.1904e-01,1.8305e-05,6.5680e-02,1.4918e-03
1.0963e-01,1.3699e-01,1.1238e-01,1.7767e-01,1.6172e-01,4.2206e-05,2.4967e-01,1.5784e-05,5.1780e-02,1.0451e-04
1.0095e-01,1.5116e-01,1.2933e-01,1.7701e-01,1.3837e-01,2.2215e-04,2.4596e-01,2.4645e-05,5.5152e-02,1.8350e-03
1.0397e-01,1.2355e-01,1.5502e-01,1.6332e-01,1.2526e-01,6.1894e-04,2.7852e-01,2.4567e-05,4.9282e-02,4.3493e-04
1.2999e-01,8.4372e-02,1.3592e-01,2.3451e-01,9.3807e-02,6.2418e-05,2.7966e-01,3.9529e-05,3.6420e-02,5.2208e-03
8.0228e-02,1.2179e-01,1.2371e-01,1.9960e-01,1.3424e-01,1.5995e-04,2.8191e-01,1.0718e-04,5.8018e-02,2.3546e-04
9.2606e-02,1.2446e-01,1.2621e-01,2.1212e-01,1.2656e-01,1.1442e-05,2.3716e-01,4.5084e-05,8.0359e-02,4.6767e-04
1.0284e-01,1.2256e-01,9.8465e-02,2.2765e-01,1.2021e-01,5.5566e-05,2.7818e-01,3.6859e-05,4.9937e-02,4.9027e-05
1.1369e-01,1.4908e-01,1.4609e-01,2.1648e-01,9.6081e-02,2.7050e-04,2.1723e-01,3.3866e-05,6.0855e-02,1.9700e-04
8.8094e-02,1.3650e-01,9.5719e-02,2.3742e-01,1.1036e-01,2.1679e-05,2.6665e-01,5.3826e-05,6.0158e-02,5.0210e-03
6.7138e-02,1.5830e-01,1.4228e-01,1.6683e-01,1.6746e-01,8.5304e-05,2.5735e-01,1.1786e-04,3.0052e-02,1.0388e-02
6.3819e-02,1.4692e-01,1.0778e-01,1.8282e-01,1.7589e-01,1.9884e-04,2.4085e-01,1.0248e-04,8.1148e-02,4.7001e-04
1.0161e-01,1.3080e-01,1.7185e-01,2.0001e-01,9.3901e-02,8.7068e-05,2.5868e-01,8.0105e-05,3.7983e-02,4.9994e-03
8.5607e-02,1.7920e-01,1.3181e-01,1.1533e-01,1.4567e-01,7.7852e-05,2.8503e-01,3.1009e-05,5.6944e-02,3.0058e-04
9.4787e-02,1.2626e-01,1.2071e-01,1.8881e-01,1.0567e-01,6.6170e-04,2.9884e-01,2.4844e-05,5.8549e-02,5.6805e-03
7.5018e-02,1.2390e-01,9.4819e-02,2.0335e-01,1.3406e-01,4.3788e-05,2.9683e-01,1.7147e-05,6.6904e-02,5.0614e-03
9.6956e-02,1.2248e-01,1.4754e-01,2.1721e-01,1.3925e-01,3.5133e-04,2.0751e-01,1.7478e-04,6.8258e-02,2.7977e-04
6.4109e-02,9.7037e-02,1.0003e-01,2.3969e-01,1.6256e-01,5.8394e-05,2.8268e-01,4.5319e-05,4.8422e-02,5.3683e-03
1.0568e-01,1.5963e-01,1.0368e-01,2.1744e-01,1.4317e-01,1.9361e-04,2.1131e-01,2.6769e-05,5.8804e-02,6.9649e-05
6.0926e-02,1.8334e-01,1.1078e-01,1.6583e-01,1.2382e-01,6.1204e-04,2.6873e-01,2.0824e-03,8.3345e-02,5.3912e-04
8.3240e-02,1.1980e-01,1.4228e-01,1.8507e-01,1.5227e-01,8.1560e-05,2.6085e-01,8.7024e-06,5.6315e-02,9.0911e-05
5.2205e-02,1.5458e-01,1.3643e-01,2.1330e-01,1.4290e-01,7.6084e-05,2.1702e-01,6.0128e-05,8.3289e-02,1.3524e-04
6.5810e-02,1.2202e-01,1.1629e-01,2.0157e-01,1.6245e-01,2.2066e-03,2.5735e-01,4.5172e-05,7.0498e-02,1.7621e-03
8.0942e-02,1.5173e-01,1.3225e-01,1.9350e-01,1.5072e-01,3.9430e-05,2.5134e-01,2.3426e-05,3.4395e-02,5.0667e-03
1.0279e-01,1.3262e-01,1.5862e-01,1.9124e-01,1.8168e-01,9.3518e-05,1.6478e-01,1.8318e-05,6.7993e-02,1.7872e-04
6.7825e-02,1.7646e-01,8.4994e-02,2.7018e-01,1.2855e-01,4.1746e-04,2.0217e-01,8.4219e-06,5.9653e-02,9.7420e-03
6.7416e-02,1.6004e-01,1.2148e-01,2.4611e-01,1.1248e-01,1.0607e-04,2.2738e-01,3.2099e-05,6.4802e-02,1.4855e-04
9.4776e-02,1.7738e-01,1.3259e-01,1.8235e-01,1.3891e-01,1.0532e-04,2.0854e-01,2.0114e-04,6.4814e-02,3.3845e-04
9.2679e-02,1.9347e-01,1.2378e-01,1.9379e-01,1.0617e-01,1.1869e-03,2.2484e-01,2.6656e-05,6.0443e-02,3.6184e-03
9.7780e-02,1.2275e-01,1.1776e-01,1.7330e-01,1.4338e-01,6.3498e-05,2.9261e-01,1.5153e-04,5.1821e-02,3.9674e-04
9.4170e-02,1.1347e-01,1.4548e-01,1.8994e-01,1.4195e-01,7.1599e-04,2.6398e-01,7.5618e-05,4.9902e-02,3.1393e-04
6.3988e-02,1.5253e-01,1.4548e-01,2.2768e-01,1.7688e-01,4.3624e-04,1.8264e-01,9.5369e-05,4.9728e-02,5.5437e-04
7.1312e-02,1.7884e-01,1.2169e-01,2.6733e-01,1.1756e-01,7.7315e-05,1.8960e-01,8.6610e-05,5.3093e-02,4.1194e-04
6.2815e-02,1.0631e-01,1.4925e-01,2.0466e-01,1.4944e-01,9.4952e-04,2.4793e-01,1.1627e-04,7.7975e-02,5.4771e-04
7.7986e-02,1.0288e-01,1.7832e-01,1.9213e-01,1.5858e-01,8.8988e-04,2.1676e-01,1.7225e-04,7.1854e-02,4.3193e-04
6.3143e-02,1.6520e-01,1.4509e-01,2.0111e-01,1.1555e-01,9.6726e-05,2.4549e-01,1.6497e-04,6.3637e-02,5.0686e-04
8.8951e-02,1.3731e-01,1.4614e-01,1.7926e-01,1.7220e-01,1.6597e-05,2.1787e-01,4.8847e-05,5.8027e-02,1.7812e-04
9.0554e-02,1.3166e-01,1.0699e-01,2.1785e-01,1.1257e-01,1.2242e-03,3.0258e-01,6.4282e-05,3.6259e-02,2.4317e-04
7.0012e-02,1.6446e-01,1.2718e-01,2.1402e-01,1.4748e-01,2.6841e-05,2.4603e-01,2.1863e-05,3.0723e-02,4.7725e-05
7.4004e-02,1.5655e-01,1.3185e-01,2.0061e-01,1.3943e-01,2.9060e-05,2.5280e-01,6.9041e-05,4.4555e-02,1.0933e-04
8.2593e-02,1.7465e-01,1.0346e-01,2.5502e-01,1.1528e-01,6.8656e-05,2.0876e-01,1.0228e-05,6.0052e-02,1.0832e-04
7.2313e-02,1.1945e-01,1.4563e-01,2.2065e-01,1.9095e-01,4.4887e-05,2.1766e-01,1.5446e-05,3.3148e-02,1.4499e-04
9.1693e-02,1.1662e-01,1.4179e-01,2.0509e-01,1.4786e-01,4.0286e-05,2.4678e-01,3.5002e-05,4.9936e-02,1.5969e-04
5.6097e-02,1.5491e-01,9.5588e-02,2.3988e-01,1.5068e-01,5.5014e-05,2.6353e-01,1.2648e-04,3.8697e-02,4.4646e-04
5.7371e-02,1.2018e-01,1.7421e-01,1.9468e-01,1.2003e-01,1.0822e-03,2.6021e-01,9.4252e-05,7.1937e-02,1.9818e-04
8.5955e-02,1.3507e-01,1.7905e-01,2.2375e-01,1.3115e-01,9.6363e-05,1.7870e-01,1.0788e-04,6.5906e-02,2.1937e-04
4.5153e-02,1.0060e-01,1.4752e-01,1.9916e-01,1.1948e-01,3.0560e-04,3.2333e-01,2.3755e-04,6.3972e-02,2.4307e-04
7.0079e-02,1.4009e-01,1.1985e-01,2.0409e-01,1.4683e-01,5.1072e-04,2.7975e-01,3.2909e-04,3.8306e-02,1.5988e-04
7.7856e-02,1.6473e-01,1.5327e-01,1.8906e-01,1.1885e-01,6.1168e-05,2.4315e-01,1.8315e-05,5.2777e-02,2.2556e-04
7.1999e-02,1.1732e-01,1.5664e-01,1.7737e-01,1.6501e-01,1.4892e-03,2.4450e-01,2.7843e-04,6.5204e-02,1.8604e-04
7.0001e-02,1.5242e-01,1.3952e-01,2.2001e-01,1.5308e-01,3.5514e-05,2.2269e-01,1.2838e-05,4.2135e-02,9.9240e-05
8.0561e-02,1.1212e-01,1.5289e-01,2.0278e-01,1.4834e-01,2.7311e-05,2.5420e-01,1.5143e-04,4.8597e-02,3.3995e-04
1.0455e-01,1.2660e-01,1.0228e-01,1.9710e-01,1.2261e-01,1.5407e-03,2.8592e-01,1.4723e-04,5.7983e-02,1.2764e-03
9.0291e-02,1.4871e-01,1.1440e-01,1.6691e-01,1.4628e-01,4.6840e-04,2.5796e-01,4.2995e-05,7.4816e-02,1.2339e-04
7.3185e-02,1.3158e-01,1.3325e-01,2.3818e-01,1.9695e-01,1.0831e-04,1.9443e-01,5.7137e-05,3.2068e-02,1.8868e-04
8.3198e-02,1.5021e-01,1.6700e-01,1.6967e-01,1.0713e-01,7.0344e-04,2.4232e-01,5.2515e-04,7.8985e-02,2.6761e-04
7.7512e-02,1.4942e-01,1.3377e-01,2.3262e-01,1.4268e-01,4.8195e-03,2.0923e-01,3.1999e-04,4.9506e-02,1.2593e-04
7.3338e-02,1.5313e-01,1.4830e-01,2.2396e-01,1.1994e-01,9.2694e-05,2.4546e-01,1.1041e-04,3.5545e-02,1.1804e-04
4.6466e-02,1.4490e-01,1.7082e-01,2.4624e-01,1.4330e-01,4.3118e-05,1.9452e-01,1.7068e-04,5.3199e-02,3.3559e-04
6.2137e-02,1.9708e-01,1.2978e-01,2.1868e-01,1.3465e-01,1.0561e-04,1.8434e-01,7.0299e-05,6.8013e-02,5.1435e-03
7.3546e-02,1.4386e-01,1.4793e-01,2.7230e-01,1.0068e-01,7.8340e-05,1.7006e-01,9.7461e-05,8.9533e-02,1.9263e-03
5.9063e-02,1.9758e-01,1.3273e-01,1.9246e-01,1.3555e-01,1.1264e-04,2.0203e-01,9.7796e-05,8.0111e-02,2.7318e-04
1.0074e-01,1.8196e-01,1.3000e-01,2.1855e-01,1.4690e-01,6.2370e-04,1.6111e-01,1.6843e-04,5.9509e-02,4.4403e-04
4.1575e-02,2.0269e-01,1.6457e-01,2.2362e-01,1.2222e-01,1.2395e-04,1.8046e-01,1.6636e-04,6.4046e-02,5.2462e-04
9.6914e-02,1.4914e-01,1.3320e-01,2.1573e-01,8.4535e-02,3.7928e-03,2.3015e-01,1.2160e-04,7.9652e-02,6.7577e-03
6.4785e-02,1.5130e-01,1.3120e-01,1.8150e-01,1.3397e-01,5.4037e-03,2.8509e-01,2.3020e-05,4.6608e-02,1.2695e-04
6.2668e-02,1.0316e-01,1.4388e-01,1.9974e-01,1.8581e-01,2.7408e-05,2.5476e-01,2.4638e-05,4.9665e-02,2.6510e-04
4.1415e-02,1.5041e-01,1.5640e-01,2.0019e-01,1.5270e-01,5.7959e-04,2.5936e-01,2.0588e-04,3.7719e-02,1.0090e-03
9.4427e-02,1.5549e-01,1.5125e-01,1.5471e-01,1.6144e-01,2.5075e-04,2.1527e-01,6.4891e-05,6.2455e-02,4.6601e-03
4.6374e-02,1.4238e-01,1.3935e-01,2.2036e-01,1.8221e-01,1.4212e-03,2.0581e-01,1.5544e-04,5.3300e-02,8.6477e-03
7.0353e-02,1.8944e-01,1.2246e-01,2.0964e-01,9.7557e-02,3.5806e-04,2.2874e-01,1.5894e-04,8.0434e-02,8.6187e-04
8.3313e-02,2.0674e-01,1.2794e-01,1.4243e-01,1.4765e-01,2.9882e-03,2.3580e-01,9.2589e-05,5.2675e-02,3.7366e-04
6.4765e-02,1.4167e-01,1.7733e-01,1.5231e-01,1.5602e-01,2.8113e-04,2.5366e-01,5.6057e-05,5.3482e-02,4.2826e-04
