4.7245e-07,4.8108e-07,2.8132e-01,5.2665e-01,2.1737e-10,4.3833e-02,1.6615e-02,1.2868e-01,2.9090e-03,3.0307e-09
2.1172e-01,1.1077e-03,3.7050e-02,2.1341e-02,7.5019e-03,1.7001e-02,1.6467e-01,3.3212e-03,5.2551e-01,1.0779e-02
6.2911e-02,1.9307e-04,1.8618e-02,3.0667e-02,1.2082e-04,5.9391e-03,7.8218e-03,2.3881e-03,8.6580e-01,5.5419e-03
2.1405e-02,9.3343e-04,3.9278e-02,9.3507e-03,1.1664e-03,4.4476e-03,6.0174e-03,4.4233e-03,9.0494e-01,8.0430e-03
3.0697e-03,2.2915e-04,1.0990e-03,1.2550e-02,7.1971e-01,7.4500e-03,2.0279e-03,6.2027e-02,1.2472e-01,6.7115e-02
3.6466e-02,7.8446e-03,4.4523e-01,5.0794e-02,2.5786e-01,7.7373e-03,3.7376e-02,8.1426e-02,5.0088e-02,2.5173e-02
8.7697e-02,3.7204e-03,3.5292e-02,1.5659e-01,2.0198e-01,4.0260e-02,1.2323e-02,6.5651e-02,3.6346e-01,3.3032e-02
8.0122e-02,5.9133e-03,3.6649e-01,3.0170e-02,1.2955e-01,5.5169e-02,2.4753e-02,1.3071e-01,9.9433e-02,7.7689e-02
1.6733e-02,1.0932e-03,1.0942e-01,1.1534e-01,4.9250e-02,3.5441e-01,1.3599e-01,3.2231e-02,1.1648e-01,6.9047e-02
4.3061e-02,7.3763e-03,2.5724e-01,1.8514e-01,1.2276e-01,1.0998e-01,8.2848e-02,8.2721e-02,7.6951e-02,3.1918e-02
8.5958e-03,1.0385e-01,1.1285e-01,9.1831e-02,2.0902e-01,8.8515e-02,1.3492e-01,5.4247e-02,6.6138e-02,1.3003e-01
2.6854e-02,5.2703e-02,1.1859e-01,1.5156e-01,6.8181e-02,3.4594e-02,1.6042e-01,1.2831e-01,1.8359e-01,7.5196e-02
1.5551e-01,4.2487e-02,6.4228e-02,5.3671e-02,9.6561e-02,1.5796e-01,1.7774e-01,7.4764e-02,1.1753e-01,5.9546e-02
3.6473e-02,2.1098e-02,1.9549e-01,7.3867e-02,1.6018e-01,1.6503e-01,3.3342e-02,6.1885e-02,1.9363e-01,5.8999e-02
3.1939e-02,1.9146e-02,1.1184e-01,9.5299e-02,1.9162e-01,1.6042e-01,3.4801e-02,7.3327e-02,8.5496e-02,1.9611e-01
8.7897e-02,3.1468e-02,1.1225e-01,1.2698e-01,1.5502e-01,9.8525e-02,9.2194e-02,7.3751e-02,7.5240e-02,1.4667e-01
7.1444e-02,2.0332e-02,7.9958e-02,9.9361e-02,6.1971e-02,7.7060e-02,6.7265e-02,1.0203e-01,3.5891e-01,6.1675e-02
1.1598e-01,3.4861e-03,2.6267e-01,8.1787e-02,1.1719e-01,7.2133e-02,5.5543e-02,1.2693e-01,1.3439e-01,2.9891e-02
5.3987e-02,4.3363e-02,1.4364e-01,8.1780e-02,2.1113e-01,5.6676e-02,9.3504e-02,1.3697e-01,1.0809e-01,7.0864e-02
4.4103e-02,9.0602e-02,7.6530e-02,1.0361e-01,1.2761e-01,5.3170e-02,8.3103e-02,6.1863e-02,2.6897e-01,9.0437e-02
3.1073e-02,6.4074e-02,9.8774e-02,7.5105e-02,1.4919e-01,8.8641e-02,1.4471e-01,7.5194e-02,2.2725e-01,4.5988e-02
3.9315e-02,2.3263e-02,1.2956e-01,1.6413e-01,1.1607e-01,1.1251e-01,8.1131e-02,7.4436e-02,1.5470e-01,1.0490e-01
9.3824e-02,7.5741e-02,1.3710e-01,9.6228e-02,1.1515e-01,1.0420e-01,1.0304e-01,4.9176e-02,1.6751e-01,5.8022e-02
6.9508e-02,4.5924e-02,1.1305e-01,1.9797e-01,1.0867e-01,9.2952e-02,3.6856e-02,1.0165e-01,1.8597e-01,4.7438e-02
5.7326e-02,5.5920e-02,1.2155e-01,1.1815e-01,8.9326e-02,1.5679e-01,9.9765e-02,5.8932e-02,1.9513e-01,4.7107e-02
6.6310e-02,3.9695e-02,1.2157e-01,1.0341e-01,1.1936e-01,7.3799e-02,1.3036e-01,8.0603e-02,2.2278e-01,4.2108e-02
7.5680e-02,4.6102e-02,1.2193e-01,1.4327e-01,1.0976e-01,1.1717e-01,8.4088e-02,9.2812e-02,1.3502e-01,7.4165e-02
9.3342e-02,5.4881e-02,1.1638e-01,1.1943e-01,9.1787e-02,1.0890e-01,1.1567e-01,8.5091e-02,1.4672e-01,6.7792e-02
8.2524e-02,3.5497e-02,1.1709e-01,1.4646e-01,1.1139e-01,9.0066e-02,9.0735e-02,1.0610e-01,1.7681e-01,4.3334e-02
6.1295e-02,5.6406e-02,1.0443e-01,1.4528e-01,1.0290e-01,5.0359e-02,1.4734e-01,1.1984e-01,1.4180e-01,7.0336e-02
7.7216e-02,5.2687e-02,1.0277e-01,1.2149e-01,6.3351e-02,8.2012e-02,9.0078e-02,1.3391e-01,1.9400e-01,8.2480e-02
8.6750e-02,4.0224e-02,1.2942e-01,1.1760e-01,1.0352e-01,1.0122e-01,1.3527e-01,9.8935e-02,1.4963e-01,3.7424e-02
1.0612e-01,3.9916e-02,1.1916e-01,1.1100e-01,1.1952e-01,6.4903e-02,1.2216e-01,8.4820e-02,1.5296e-01,7.9432e-02
1.0163e-01,6.8267e-02,9.7982e-02,9.0131e-02,8.4679e-02,8.9526e-02,9.3417e-02,9.6509e-02,1.5865e-01,1.1921e-01
6.4897e-02,5.6518e-02,9.7390e-02,9.7852e-02,1.2281e-01,5.5688e-02,6.1756e-02,1.2655e-01,1.8415e-01,1.3239e-01
6.6369e-02,8.4417e-02,1.3608e-01,1.3889e-01,5.8993e-02,8.5371e-02,7.6402e-02,9.8104e-02,1.6568e-01,8.9690e-02
1.0373e-01,5.4554e-02,1.3229e-01,1.0171e-01,1.0749e-01,4.5056e-02,1.0599e-01,1.0301e-01,1.6887e-01,7.7299e-02
8.6765e-02,6.2515e-02,1.3011e-01,1.3242e-01,8.1761e-02,8.3087e-02,8.1100e-02,1.0085e-01,1.4922e-01,9.2165e-02
7.7053e-02,7.2880e-02,1.2134e-01,1.2088e-01,7.3979e-02,6.9664e-02,1.0326e-01,1.3392e-01,1.6057e-01,6.6457e-02
7.0571e-02,7.6170e-02,1.6191e-01,9.4239e-02,7.3808e-02,8.0824e-02,1.0516e-01,8.0678e-02,1.3227e-01,1.2437e-01
1.0380e-01,6.8207e-02,1.0593e-01,1.1418e-01,8.5128e-02,7.1059e-02,1.2627e-01,1.0460e-01,1.4910e-01,7.1723e-02
4.3991e-02,6.3660e-02,1.2056e-01,1.1441e-01,1.0602e-01,1.6637e-01,9.9292e-02,8.9993e-02,1.4400e-01,5.1701e-02
5.8860e-02,6.4798e-02,1.0458e-01,9.4512e-02,8.0329e-02,1.1407e-01,1.0356e-01,1.0698e-01,1.4718e-01,1.2512e-01
1.0890e-01,7.1908e-02,1.0899e-01,8.7722e-02,8.9699e-02,1.1558e-01,9.8318e-02,9.1095e-02,1.4864e-01,7.9147e-02
7.7368e-02,7.8692e-02,9.3136e-02,9.7405e-02,9.1632e-02,9.2158e-02,1.0434e-01,1.0311e-01,1.5982e-01,1.0234e-01
4.7437e-02,4.9428e-02,1.1377e-01,1.3771e-01,9.8743e-02,1.1357e-01,1.0583e-01,1.0249e-01,1.5613e-01,7.4886e-02
3.9178e-02,9.4904e-02,6.8955e-02,1.4692e-01,1.0523e-01,1.1425e-01,9.2588e-02,8.6744e-02,1.3480e-01,1.1644e-01
1.0739e-01,8.5535e-02,1.0800e-01,1.2329e-01,8.3897e-02,9.9603e-02,6.3058e-02,1.1020e-01,1.2521e-01,9.3813e-02
8.2475e-02,6.3365e-02,9.9810e-02,1.0156e-01,9.2572e-02,9.3689e-02,1.1055e-01,1.0585e-01,1.8032e-01,6.9808e-02
9.3820e-02,7.4997e-02,8.3275e-02,1.5615e-01,1.0060e-01,9.4764e-02,7.3400e-02,6.4163e-02,1.4381e-01,1.1502e-01
9.5313e-02,6.4040e-02,9.3203e-02,9.0316e-02,8.8764e-02,6.5722e-02,1.1602e-01,1.0153e-01,1.8152e-01,1.0357e-01
1.3814e-01,5.7741e-02,8.2959e-02,1.3713e-01,8.6227e-02,8.7765e-02,8.3745e-02,1.1699e-01,1.4692e-01,6.2380e-02
6.1950e-02,8.2677e-02,7.0147e-02,1.2864e-01,1.1537e-01,6.0830e-02,7.4842e-02,9.9933e-02,1.7224e-01,1.3338e-01
1.0430e-01,8.0715e-02,1.0591e-01,1.3633e-01,9.0932e-02,7.5958e-02,7.6603e-02,9.9436e-02,1.3316e-01,9.6648e-02
8.0200e-02,7.1678e-02,1.2065e-01,1.1505e-01,7.4358e-02,8.6136e-02,1.1168e-01,9.9988e-02,1.4597e-01,9.4295e-02
8.2938e-02,6.4680e-02,8.8302e-02,1.3403e-01,1.1028e-01,1.2417e-01,1.0410e-01,6.7759e-02,1.4453e-01,7.9217e-02
1.0604e-01,4.4865e-02,8.7575e-02,6.1795e-02,9.7919e-02,6.2177e-02,1.3808e-01,1.1546e-01,1.4838e-01,1.3771e-01
7.9152e-02,9.5422e-02,7.2681e-02,9.9014e-02,1.1135e-01,7.9832e-02,1.2296e-01,7.4883e-02,1.4428e-01,1.2043e-01
7.1276e-02,8.7692e-02,1.2009e-01,1.1842e-01,6.4891e-02,1.0406e-01,6.8514e-02,1.1278e-01,1.5115e-01,1.0112e-01
9.7447e-02,6.5776e-02,1.0684e-01,1.0961e-01,1.1460e-01,7.1501e-02,9.0980e-02,1.1007e-01,1.4600e-01,8.7169e-02
9.3102e-02,4.3569e-02,1.1680e-01,8.7323e-02,9.0942e-02,9.6416e-02,9.3064e-02,1.1562e-01,1.6249e-01,1.0067e-01
8.8209e-02,8.3554e-02,6.6564e-02,1.6128e-01,1.1257e-01,8.9529e-02,9.4002e-02,6.7931e-02,1.1677e-01,1.1959e-01
7.7791e-02,6.9403e-02,1.0169e-01,1.0951e-01,8.5665e-02,7.1031e-02,9.9698e-02,9.4299e-02,1.9792e-01,9.2990e-02
9.3240e-02,6.7615e-02,9.1431e-02,1.1171e-01,1.1502e-01,8.3138e-02,9.2763e-02,1.2222e-01,1.4014e-01,8.2730e-02
6.8407e-02,5.2101e-02,7.1066e-02,1.3344e-01,9.3153e-02,9.6459e-02,8.3520e-02,1.0316e-01,1.9198e-01,1.0671e-01
1.0145e-01,6.9256e-02,1.0936e-01,1.0966e-01,1.1912e-01,8.9315e-02,6.4801e-02,9.8526e-02,1.6495e-01,7.3570e-02
9.9631e-02,7.8771e-02,8.8619e-02,9.3243e-02,1.1481e-01,7.8214e-02,7.5751e-02,1.3326e-01,1.4312e-01,9.4584e-02
8.8264e-02,6.2494e-02,1.2817e-01,8.3957e-02,1.4443e-01,6.2105e-02,8.9200e-02,7.7342e-02,1.5672e-01,1.0731e-01
3.7346e-02,8.3659e-02,9.1769e-02,1.3210e-01,1.2159e-01,8.9503e-02,8.1739e-02,9.1971e-02,1.6920e-01,1.0113e-01
8.4443e-02,6.9208e-02,1.0216e-01,1.4143e-01,9.8442e-02,7.8242e-02,8.3887e-02,7.9319e-02,1.6368e-01,9.9189e-02
5.5926e-02,4.8299e-02,5.4754e-02,1.2686e-01,9.8895e-02,1.2667e-01,4.7681e-02,9.0324e-02,2.2542e-01,1.2517e-01
5.5616e-02,5.9019e-02,1.0288e-01,1.2023e-01,1.0571e-01,1.0747e-01,8.3914e-02,1.0629e-01,1.5910e-01,9.9771e-02
7.6226e-02,6.8547e-02,9.8513e-02,1.1133e-01,9.7956e-02,1.0867e-01,6.2143e-02,1.1837e-01,1.6667e-01,9.1579e-02
5.1476e-02,7.3179e-02,1.0470e-01,1.0283e-01,1.0453e-01,7.4058e-02,8.7689e-02,1.1667e-01,1.5945e-01,1.2542e-01
9.8463e-02,1.1173e-01,5.7123e-02,1.0372e-01,1.0192e-01,8.4270e-02,7.2957e-02,8.1360e-02,1.4911e-01,1.3935e-01
6.5832e-02,9.8148e-02,9.0464e-02,1.3880e-01,7.8679e-02,6.7274e-02,1.0479e-01,9.0290e-02,1.4951e-01,1.1621e-01
9.0592e-02,8.4074e-02,1.1836e-01,1.3875e-01,9.4821e-02,5.5292e-02,8.5567e-02,9.1379e-02,1.4864e-01,9.2534e-02
9.0219e-02,1.1395e-01,1.1371e-01,1.2378e-01,9.1711e-02,9.5624e-02,4.7846e-02,7.9351e-02,1.4640e-01,9.7409e-02
8.6118e-02,5.9370e-02,7.7533e-02,1.1621e-01,1.1297e-01,1.0224e-01,8.2897e-02,8.8404e-02,1.8723e-01,8.7027e-02
6.8165e-02,8.9364e-02,7.6029e-02,1.2685e-01,1.1112e-01,7.8341e-02,5.6045e-02,7.2950e-02,1.6838e-01,1.5275e-01
6.5251e-02,1.2801e-01,7.5952e-02,1.2153e-01,7.5752e-02,1.2179e-01,8.1158e-02,6.6270e-02,2.0334e-01,6.0951e-02
9.9753e-02,6.2629e-02,6.2451e-02,1.2614e-01,8.6102e-02,1.0347e-01,9.1858e-02,9.3070e-02,1.6702e-01,1.0750e-01
6.8195e-02,5.2637e-02,7.1957e-02,1.1091e-01,1.4275e-01,7.3029e-02,4.3666e-02,1.0570e-01,2.5034e-01,8.0820e-02
1.0457e-01,5.0943e-02,9.2756e-02,1.3888e-01,1.1417e-01,7.8235e-02,5.9782e-02,1.0129e-01,1.7976e-01,7.9621e-02
5.9760e-02,7.0164e-02,6.7282e-02,1.9807e-01,1.0111e-01,6.9493e-02,7.6146e-02,1.1601e-01,1.5308e-01,8.8880e-02
4.6857e-02,7.3446e-02,7.6499e-02,1.6859e-01,1.0562e-01,7.9884e-02,6.3774e-02,7.8207e-02,2.0082e-01,1.0630e-01
5.3024e-02,8.3299e-02,7.4604e-02,1.2522e-01,1.0049e-01,7.2136e-02,7.1153e-02,1.0548e-01,1.7646e-01,1.3814e-01
7.8017e-02,6.8714e-02,5.7403e-02,1.5303e-01,1.2584e-01,8.0871e-02,5.0144e-02,8.8089e-02,2.0304e-01,9.4848e-02
8.9935e-02,7.9298e-02,7.5830e-02,1.0992e-01,1.0084e-01,1.3048e-01,7.8649e-02,1.0273e-01,1.2257e-01,1.0974e-01
9.1208e-02,7.6255e-02,8.3426e-02,1.4308e-01,1.0710e-01,7.1628e-02,9.7269e-02,9.5849e-02,1.4148e-01,9.2716e-02
4.8454e-02,9.5955e-02,9.1913e-02,1.2418e-01,1.2660e-01,1.2927e-01,6.3226e-02,6.6087e-02,1.7580e-01,7.8527e-02
8.0182e-02,7.1131e-02,9.0573e-02,1.4844e-01,1.0521e-01,8.9349e-02,5.0335e-02,9.1099e-02,1.7892e-01,9.4766e-02
1.1398e-01,7.3542e-02,8.3594e-02,1.0820e-01,1.0258e-01,7.9474e-02,4.0756e-02,1.0408e-01,2.0255e-01,9.1258e-02
8.7267e-02,8.2666e-02,1.3085e-01,1.3495e-01,7.8719e-02,1.0727e-01,4.8145e-02,7.3081e-02,1.6994e-01,8.7116e-02
8.1275e-02,1.0862e-01,8.2245e-02,1.2751e-01,8.1855e-02,1.0559e-01,6.6510e-02,5.3265e-02,1.9509e-01,9.8042e-02
6.8309e-02,7.3709e-02,8.6819e-02,1.5265e-01,8.9340e-02,1.1893e-01,5.9596e-02,7.6772e-02,1.9516e-01,7.8722e-02
3.6049e-02,7.9499e-02,6.8534e-02,1.4930e-01,1.1182e-01,9.6140e-02,7.4721e-02,8.8363e-02,1.3740e-01,1.5817e-01
1.0714e-01,1.0337e-01,5.6975e-02,1.2861e-01,1.1252e-01,3.9172e-02,7.6134e-02,8.1003e-02,2.0715e-01,8.7929e-02
9.3139e-02,8.1724e-02,9.0687e-02,1.4787e-01,1.0109e-01,1.0261e-01,2.6730e-02,8.8616e-02,1.4933e-01,1.1820e-01
6.2917e-02,5.9943e-02,5.9716e-02,1.3276e-01,1.1745e-01,1.0291e-01,6.6821e-02,7.7195e-02,2.2220e-01,9.8085e-02
5.8866e-02,8.5825e-02,6.6675e-02,1.4719e-01,1.0856e-01,6.7468e-02,6.6241e-02,8.1436e-02,2.4558e-01,7.2152e-02
6.6624e-02,8.1674e-02,5.1706e-02,1.6919e-01,1.2236e-01,5.5997e-02,5.9956e-02,1.1348e-01,1.7204e-01,1.0698e-01
9.1506e-02,8.8749e-02,8.1154e-02,1.1507e-01,7.8725e-02,1.2200e-01,5.9212e-02,9.9421e-02,1.7001e-01,9.4146e-02
7.2905e-02,7.8961e-02,6.1393e-02,1.6950e-01,1.0093e-01,9.5948e-02,5.6743e-02,7.0500e-02,1.8778e-01,1.0533e-01
6.5201e-02,1.0983e-01,7.5833e-02,1.4498e-01,9.9380e-02,9.5696e-02,2.5205e-02,1.0043e-01,2.0939e-01,7.4055e-02
7.6249e-02,1.0142e-01,6.2228e-02,1.7020e-01,9.9274e-02,1.0298e-01,4.8252e-02,1.0376e-01,1.4955e-01,8.6097e-02
8.3573e-02,9.6608e-02,1.0131e-01,1.2757e-01,7.1717e-02,8.1359e-02,4.2634e-02,6.2071e-02,2.3493e-01,9.8228e-02
1.0418e-01,8.1644e-02,6.1456e-02,1.6338e-01,9.2569e-02,7.0898e-02,6.0286e-02,8.6277e-02,1.6890e-01,1.1040e-01
8.6512e-02,7.7068e-02,8.8395e-02,1.0080e-01,1.0914e-01,7.8280e-02,3.9426e-02,1.0965e-01,2.0584e-01,1.0489e-01
3.7041e-02,6.1308e-02,1.0016e-01,1.5224e-01,8.5161e-02,1.0549e-01,5.9525e-02,7.8175e-02,2.0962e-01,1.1128e-01
6.9298e-02,9.8976e-02,9.0047e-02,1.6611e-01,1.1033e-01,7.5178e-02,2.3649e-02,7.4906e-02,1.6103e-01,1.3047e-01
9.1871e-02,8.5907e-02,5.8136e-02,1.5067e-01,9.7821e-02,9.4244e-02,2.4958e-02,5.3794e-02,2.3634e-01,1.0625e-01
7.6629e-02,7.5360e-02,8.8080e-02,1.5785e-01,1.1600e-01,8.8472e-02,7.1287e-02,5.4231e-02,1.6552e-01,1.0657e-01
7.6777e-02,1.0382e-01,4.2562e-02,1.3785e-01,1.1157e-01,7.9068e-02,4.0990e-02,9.7031e-02,1.8100e-01,1.2933e-01
9.3669e-02,9.9604e-02,8.3588e-02,1.4747e-01,7.5436e-02,8.5654e-02,2.8785e-02,1.1562e-01,1.9319e-01,7.6982e-02
6.5687e-02,5.4995e-02,7.2517e-02,1.8421e-01,1.2438e-01,1.1720e-01,4.3325e-02,5.0657e-02,1.9175e-01,9.5279e-02
1.0603e-01,5.5772e-02,8.3745e-02,1.5127e-01,1.2688e-01,9.8204e-02,3.8581e-02,5.0640e-02,1.8559e-01,1.0329e-01
5.5145e-02,9.9950e-02,6.9678e-02,1.6918e-01,1.0695e-01,1.0507e-01,6.6380e-02,9.2484e-02,1.7049e-01,6.4684e-02
1.1268e-01,6.3127e-02,9.4075e-02,1.3327e-01,7.3624e-02,1.3809e-01,2.9410e-02,8.5800e-02,1.6596e-01,1.0397e-01
6.5913e-02,8.8231e-02,8.7403e-02,1.2017e-01,9.5880e-02,7.6402e-02,3.9147e-02,1.3476e-01,1.9668e-01,9.5416e-02
8.9303e-02,8.6587e-02,1.0169e-01,1.1664e-01,8.9215e-02,1.3214e-01,3.8776e-02,7.9635e-02,1.4443e-01,1.2159e-01
6.3331e-02,7.1439e-02,6.6047e-02,1.6012e-01,1.2714e-01,9.5520e-02,2.8060e-02,9.6380e-02,1.7959e-01,1.1237e-01
1.0798e-01,9.3531e-02,9.0296e-02,9.6500e-02,1.2852e-01,8.4436e-02,3.8660e-02,5.3454e-02,1.6441e-01,1.4221e-01
6.3421e-02,1.2015e-01,5.5620e-02,1.2643e-01,1.6428e-01,1.0612e-01,3.1518e-02,8.3735e-02,1.7465e-01,7.4081e-02
7.4301e-02,6.8980e-02,6.9131e-02,9.6863e-02,1.1324e-01,9.3832e-02,4.0834e-02,9.2192e-02,2.0674e-01,1.4388e-01
7.5828e-02,5.9803e-02,6.9924e-02,9.7280e-02,1.5685e-01,1.0310e-01,5.7834e-02,8.6231e-02,1.8319e-01,1.0996e-01
9.8763e-02,6.3410e-02,8.2132e-02,1.6218e-01,1.5129e-01,8.7352e-02,3.6147e-02,5.3010e-02,1.7038e-01,9.5332e-02
4.6457e-02,9.2589e-02,6.2898e-02,1.3688e-01,1.1080e-01,1.0485e-01,4.5153e-02,8.4811e-02,2.1657e-01,9.8998e-02
9.4768e-02,7.2352e-02,7.1820e-02,1.5908e-01,8.0424e-02,9.7517e-02,4.2493e-02,7.9688e-02,1.9686e-01,1.0500e-01
7.2194e-02,8.8913e-02,6.4623e-02,1.5342e-01,6.9245e-02,1.0869e-01,4.3559e-02,6.6454e-02,2.5802e-01,7.4879e-02
5.6802e-02,6.3134e-02,8.7560e-02,1.4538e-01,1.1614e-01,1.1047e-01,4.3519e-02,5.9672e-02,2.2096e-01,9.6361e-02
6.5484e-02,8.5199e-02,4.4270e-02,1.3148e-01,9.1580e-02,8.8169e-02,3.8943e-02,8.8045e-02,2.5380e-01,1.1303e-01
1.1438e-01,1.0253e-01,5.8493e-02,1.4567e-01,8.0417e-02,1.0445e-01,1.9571e-02,7.7900e-02,1.7945e-01,1.1714e-01
6.3077e-02,6.8205e-02,6.8582e-02,1.3026e-01,9.9948e-02,9.7282e-02,5.2423e-02,1.1594e-01,1.9747e-01,1.0682e-01
8.4449e-02,6.1545e-02,9.0228e-02,1.7129e-01,9.5538e-02,7.8674e-02,3.9570e-02,8.4918e-02,1.7899e-01,1.1480e-01
5.4698e-02,1.2412e-01,9.6817e-02,1.7383e-01,5.6264e-02,9.2904e-02,4.9673e-02,7.8158e-02,1.7200e-01,1.0154e-01
8.8659e-02,1.1399e-01,5.2119e-02,1.9386e-01,1.0360e-01,1.0616e-01,3.8484e-02,4.8989e-02,1.6040e-01,9.3735e-02
4.8943e-02,6.8067e-02,9.5511e-02,2.1414e-01,4.4469e-02,6.5249e-02,5.1167e-02,1.0270e-01,2.0688e-01,1.0287e-01
1.0492e-01,7.8361e-02,6.4880e-02,1.4817e-01,1.1670e-01,1.2032e-01,4.9474e-02,5.9427e-02,1.8599e-01,7.1747e-02
9.2418e-02,1.1581e-01,6.9678e-02,1.2803e-01,8.0802e-02,8.8929e-02,1.5769e-02,6.6551e-02,2.2038e-01,1.2164e-01
8.4831e-02,9.0561e-02,8.2954e-02,1.1938e-01,7.0645e-02,9.3967e-02,3.3953e-02,7.3592e-02,2.2064e-01,1.2948e-01
9.1880e-02,8.5405e-02,1.1516e-01,1.6480e-01,7.9515e-02,1.0490e-01,2.5536e-02,6.5082e-02,2.1116e-01,5.6559e-02
7.6382e-02,8.3678e-02,4.8611e-02,1.8813e-01,1.0871e-01,8.1788e-02,2.5374e-02,7.4939e-02,1.9892e-01,1.1346e-01
9.8704e-02,9.7925e-02,7.1275e-02,2.0468e-01,9.3582e-02,7.4352e-02,1.7274e-02,8.1707e-02,1.8661e-01,7.3890e-02
3.3911e-02,8.9761e-02,6.2377e-02,1.3349e-01,1.1680e-01,1.0082e-01,3.5131e-02,8.2051e-02,2.1813e-01,1.2753e-01
5.8319e-02,1.0568e-01,9.2705e-02,1.4592e-01,8.5264e-02,9.3925e-02,1.7022e-02,7.8837e-02,2.1328e-01,1.0905e-01
6.7565e-02,9.7165e-02,8.9501e-02,1.0398e-01,1.5505e-01,4.5361e-02,4.7734e-02,7.0840e-02,2.1142e-01,1.1139e-01
6.1937e-02,9.7732e-02,8.2100e-02,1.6353e-01,8.4260e-02,6.2029e-02,3.2591e-02,1.0325e-01,2.1652e-01,9.6058e-02
8.8347e-02,7.0168e-02,8.9792e-02,1.8018e-01,1.1618e-01,7.7017e-02,3.3765e-02,5.3448e-02,1.9736e-01,9.3740e-02
8.2196e-02,7.6424e-02,7.1788e-02,1.9505e-01,1.1032e-01,6.0183e-02,1.6985e-02,7.9303e-02,2.2461e-01,8.3138e-02
7.5125e-02,9.9969e-02,5.6549e-02,1.8984e-01,7.8028e-02,3.9471e-02,4.4892e-02,7.5937e-02,2.3358e-01,1.0661e-01
6.4569e-02,9.1751e-02,1.0678e-01,1.6114e-01,8.0295e-02,6.5885e-02,2.9786e-02,7.7605e-02,2.2735e-01,9.4833e-02
6.5438e-02,1.3240e-01,5.0778e-02,1.4641e-01,1.1208e-01,1.0947e-01,2.8524e-02,6.2702e-02,1.9838e-01,9.3826e-02
7.8534e-02,1.1163e-01,7.4220e-02,1.3798e-01,1.3366e-01,9.1271e-02,4.1068e-02,5.8588e-02,1.7475e-01,9.8309e-02
8.9017e-02,7.8914e-02,7.6054e-02,1.1367e-01,8.1193e-02,1.1358e-01,2.4169e-02,7.4334e-02,2.3038e-01,1.1870e-01
6.8958e-02,1.1774e-01,5.6383e-02,1.6661e-01,8.5188e-02,9.8160e-02,3.5371e-02,7.7050e-02,2.0646e-01,8.8085e-02
6.6158e-02,1.4670e-01,9.0037e-02,1.5841e-01,7.1173e-02,7.3554e-02,1.3322e-02,9.3960e-02,1.7776e-01,1.0893e-01
5.6020e-02,6.5783e-02,7.5516e-02,2.0517e-01,7.6680e-02,6.1142e-02,3.0083e-02,9.3135e-02,2.3265e-01,1.0382e-01
8.1073e-02,9.3174e-02,2.0918e-02,1.1956e-01,1.2338e-01,9.5205e-02,1.9560e-02,8.8685e-02,2.4088e-01,1.1756e-01
6.9035e-02,8.6653e-02,8.6289e-02,1.5437e-01,6.9295e-02,1.1004e-01,2.6283e-02,9.0117e-02,2.1466e-01,9.3251e-02
8.8405e-02,8.8888e-02,5.5826e-02,1.5034e-01,1.0642e-01,9.4475e-02,4.2354e-02,7.9272e-02,1.9877e-01,9.5251e-02
6.9364e-02,8.0195e-02,4.2383e-02,1.5331e-01,1.2638e-01,8.5463e-02,3.1564e-02,9.8211e-02,1.9180e-01,1.2133e-01
5.3873e-02,1.4048e-01,4.7085e-02,1.7206e-01,8.3110e-02,1.0309e-01,3.5784e-02,6.2328e-02,2.1274e-01,8.9447e-02
9.5201e-02,1.0997e-01,8.6985e-02,1.9409e-01,1.1161e-01,7.6303e-02,2.0336e-02,5.9612e-02,1.5371e-01,9.2182e-02
9.6995e-02,9.7634e-02,5.9557e-02,1.4047e-01,6.2498e-02,6.4724e-02,4.5127e-02,4.5587e-02,2.3595e-01,1.5145e-01
6.4750e-02,8.2185e-02,7.9527e-02,1.3522e-01,6.0919e-02,8.0037e-02,3.0886e-02,9.6132e-02,2.7702e-01,9.3325e-02
9.9401e-02,1.3106e-01,5.9555e-02,1.3447e-01,9.9242e-02,6.6985e-02,2.9714e-02,8.0974e-02,2.1324e-01,8.5369e-02
8.6166e-02,1.1415e-01,4.8238e-02,1.8458e-01,7.8001e-02,7.7993e-02,3.0241e-02,6.8637e-02,1.9332e-01,1.1867e-01
7.9991e-02,9.8844e-02,6.2995e-02,1.2158e-01,8.9575e-02,1.0777e-01,2.5252e-02,6.9023e-02,2.3392e-01,1.1106e-01
6.7610e-02,1.3131e-01,5.9770e-02,1.7346e-01,9.7426e-02,9.2955e-02,2.3435e-02,4.6314e-02,2.2973e-01,7.7991e-02
8.2343e-02,5.7806e-02,3.7031e-02,1.4908e-01,1.0218e-01,1.2085e-01,4.1237e-02,7.8310e-02,2.0487e-01,1.2629e-01
1.0611e-01,1.0971e-01,5.0713e-02,1.8076e-01,9.8871e-02,7.0847e-02,1.9802e-02,7.7446e-02,2.0634e-01,7.9402e-02
6.2097e-02,8.4179e-02,9.1527e-02,1.2966e-01,7.4448e-02,1.1816e-01,2.0275e-02,8.2024e-02,1.8850e-01,1.4913e-01
5.2262e-02,1.1958e-01,8.7063e-02,1.1960e-01,8.5984e-02,9.7803e-02,4.1147e-02,5.0623e-02,2.3509e-01,1.1084e-01
9.7282e-02,9.4478e-02,3.7276e-02,1.4384e-01,7.9180e-02,9.9161e-02,2.5883e-02,6.0223e-02,2.3856e-01,1.2412e-01
7.6786e-02,8.1108e-02,1.1015e-01,1.3790e-01,7.7102e-02,6.6726e-02,3.2596e-02,7.2220e-02,2.1890e-01,1.2652e-01
4.6560e-02,7.3566e-02,9.3449e-02,1.7503e-01,7.8549e-02,7.4936e-02,4.0874e-02,6.5170e-02,2.3339e-01,1.1847e-01
6.1726e-02,1.0098e-01,7.5939e-02,2.0091e-01,8.7761e-02,6.6096e-02,2.8284e-02,7.6177e-02,2.0292e-01,9.9212e-02
7.2652e-02,9.0151e-02,8.1296e-02,1.4999e-01,9.3399e-02,7.2497e-02,2.6882e-02,5.6224e-02,2.5378e-01,1.0313e-01
4.0480e-02,9.4677e-02,6.5547e-02,1.7311e-01,7.0174e-02,8.1223e-02,2.6821e-02,9.8646e-02,2.3203e-01,1.1730e-01
6.4093e-02,6.0292e-02,5.7857e-02,2.0635e-01,8.7768e-02,8.7504e-02,3.1370e-02,6.3188e-02,2.3740e-01,1.0418e-01
5.8653e-02,8.8700e-02,8.6620e-02,1.3522e-01,8.6830e-02,1.0802e-01,1.2380e-02,6.9355e-02,1.9967e-01,1.5456e-01
8.4047e-02,8.4203e-02,4.7654e-02,2.0615e-01,6.4273e-02,9.4068e-02,2.9952e-02,7.9010e-02,2.0977e-01,1.0088e-01
7.7766e-02,1.0480e-01,7.0786e-02,1.3192e-01,9.2841e-02,6.9481e-02,1.6589e-02,8.4082e-02,2.4211e-01,1.0963e-01
5.6821e-02,8.2688e-02,5.9155e-02,1.3937e-01,7.9996e-02,7.9932e-02,3.3599e-02,9.2948e-02,2.8023e-01,9.5266e-02
4.9098e-02,1.0124e-01,9.0253e-02,1.1868e-01,8.6589e-02,9.2416e-02,1.6516e-02,8.8403e-02,2.6918e-01,8.7629e-02
7.2477e-02,1.0922e-01,8.1790e-02,1.4914e-01,8.2732e-02,1.1292e-01,1.3773e-02,6.4382e-02,2.3221e-01,8.1352e-02
5.7116e-02,8.9569e-02,5.0492e-02,1.6622e-01,9.5484e-02,2.6652e-02,3.0040e-02,9.4340e-02,2.7381e-01,1.1628e-01
5.7777e-02,1.0021e-01,9.5396e-02,1.2770e-01,1.0793e-01,9.5599e-02,1.3978e-02,6.6265e-02,2.2421e-01,1.1094e-01
1.1224e-01,9.3675e-02,6.0258e-02,1.4300e-01,5.5771e-02,1.1171e-01,2.5754e-02,7.5988e-02,2.1328e-01,1.0833e-01
5.6660e-02,9.0417e-02,4.9718e-02,1.5481e-01,8.6205e-02,9.8911e-02,3.0824e-02,6.1641e-02,2.0400e-01,1.6681e-01
1.0007e-01,8.4028e-02,9.7899e-02,1.6501e-01,7.6565e-02,1.0275e-01,3.3741e-02,6.1632e-02,1.9064e-01,8.7669e-02
7.1977e-02,1.5482e-01,5.0172e-02,1.3194e-01,6.8662e-02,8.9673e-02,3.5575e-02,3.2639e-02,2.7853e-01,8.6010e-02
5.4680e-02,8.4336e-02,5.5746e-02,1.5871e-01,1.1160e-01,1.3253e-01,2.9897e-02,6.8614e-02,1.9906e-01,1.0483e-01
7.0920e-02,1.0462e-01,6.2076e-02,1.0600e-01,9.4466e-02,1.0551e-01,2.5559e-02,8.2202e-02,2.3553e-01,1.1312e-01
6.8529e-02,9.3748e-02,9.2947e-02,1.1153e-01,1.0429e-01,9.0246e-02,2.4001e-02,6.4708e-02,2.4602e-01,1.0398e-01
7.3661e-02,6.9928e-02,6.1806e-02,1.3751e-01,1.0349e-01,1.2119e-01,3.9462e-02,6.7049e-02,2.0891e-01,1.1700e-01
9.9378e-02,1.1628e-01,6.9357e-02,1.3683e-01,6.5740e-02,9.1134e-02,1.6405e-02,8.2261e-02,2.4578e-01,7.6840e-02
1.2238e-01,9.3503e-02,5.5505e-02,1.4595e-01,9.4993e-02,1.1192e-01,1.7775e-02,6.2992e-02,1.9987e-01,9.5109e-02
7.3495e-02,9.9966e-02,4.8153e-02,1.6213e-01,1.0363e-01,8.2905e-02,4.8097e-02,8.1478e-02,1.9795e-01,1.0219e-01
1.0333e-01,1.1181e-01,3.3874e-02,1.3236e-01,9.1878e-02,1.1368e-01,1.6591e-02,7.5200e-02,2.3393e-01,8.7349e-02
8.0012e-02,1.0130e-01,6.6553e-02,1.5492e-01,1.0322e-01,7.9830e-02,3.8938e-02,1.0795e-01,1.6730e-01,9.9982e-02
6.3945e-02,9.7673e-02,6.0384e-02,1.6867e-01,8.8987e-02,1.0875e-01,2.5286e-02,4.5260e-02,2.2967e-01,1.1137e-01
8.6654e-02,7.9825e-02,3.1961e-02,1.8563e-01,1.0280e-01,9.3318e-02,2.6035e-02,5.9304e-02,2.2750e-01,1.0697e-01
9.4831e-02,1.0464e-01,7.6019e-02,1.7128e-01,4.7021e-02,8.3314e-02,3.1528e-02,6.5439e-02,2.0396e-01,1.2197e-01
3.2816e-02,1.1067e-01,5.4456e-02,1.5364e-01,8.2359e-02,1.1394e-01,2.1280e-02,4.2285e-02,2.7997e-01,1.0859e-01
6.0729e-02,7.6774e-02,6.5953e-02,1.8408e-01,8.3646e-02,1.2746e-01,3.2952e-02,5.1220e-02,2.3413e-01,8.3048e-02
4.0390e-02,9.1589e-02,7.8080e-02,1.3794e-01,8.8730e-02,9.8414e-02,4.4491e-02,7.9976e-02,2.4996e-01,9.0437e-02
4.8581e-02,1.2223e-01,5.1185e-02,1.9395e-01,7.1406e-02,7.2586e-02,3.1082e-02,6.3384e-02,2.3164e-01,1.1395e-01
1.1085e-01,9.4641e-02,5.7444e-02,1.6165e-01,8.2437e-02,8.7343e-02,4.1668e-02,4.5867e-02,2.1006e-01,1.0804e-01
8.8026e-02,1.1004e-01,1.0612e-01,1.6726e-01,5.2804e-02,6.6490e-02,4.7317e-02,7.4742e-02,1.9751e-01,8.9690e-02
7.1006e-02,8.2430e-02,3.6093e-02,1.4834e-01,8.4408e-02,7.9075e-02,4.5080e-02,6.5250e-02,2.7462e-01,1.1370e-01
6.3639e-02,6.5767e-02,7.3132e-02,2.1419e-01,8.5744e-02,8.8903e-02,2.7077e-02,8.0856e-02,2.1911e-01,8.1580e-02
9.8352e-02,8.9535e-02,6.7303e-02,1.4600e-01,9.5644e-02,9.2010e-02,3.9019e-02,5.1354e-02,2.2024e-01,1.0054e-01
8.8974e-02,1.0276e-01,4.7071e-02,1.7686e-01,1.1023e-01,5.4114e-02,2.6842e-02,6.2540e-02,2.4046e-01,9.0161e-02
1.0712e-01,1.0593e-01,5.5652e-02,1.3898e-01,8.3996e-02,6.7042e-02,4.4014e-02,9.9646e-02,1.9189e-01,1.0573e-01
6.8918e-02,7.2040e-02,4.4077e-02,1.3808e-01,6.0133e-02,9.0166e-02,4.6975e-02,7.1890e-02,2.8428e-01,1.2344e-01
8.8640e-02,6.3972e-02,6.1260e-02,1.9633e-01,6.4574e-02,1.0264e-01,3.4048e-02,6.5001e-02,2.3967e-01,8.3869e-02
1.2622e-01,8.1822e-02,4.9329e-02,1.6425e-01,1.0424e-01,7.8844e-02,4.8447e-02,4.7433e-02,1.8104e-01,1.1838e-01
8.6692e-02,1.0026e-01,2.1874e-02,1.7258e-01,6.3707e-02,9.4014e-02,2.6923e-02,8.5245e-02,2.6064e-01,8.8060e-02
7.9564e-02,3.1294e-02,3.8586e-02,2.0356e-01,9.0356e-02,7.9280e-02,3.4929e-02,9.0022e-02,2.5484e-01,9.7564e-02
9.1185e-02,1.3703e-01,4.6213e-02,1.8480e-01,6.0692e-02,7.9106e-02,2.5049e-02,6.3307e-02,2.0597e-01,1.0664e-01
5.4088e-02,9.8208e-02,5.6555e-02,1.7836e-01,8.5071e-02,8.3870e-02,2.6518e-02,7.6623e-02,2.5101e-01,8.9699e-02
1.0526e-01,7.6966e-02,2.8148e-02,1.5089e-01,8.2631e-02,1.0571e-01,5.4390e-02,1.0275e-01,2.2057e-01,7.2692e-02
6.1560e-02,9.5341e-02,6.0208e-02,1.8826e-01,9.8101e-02,1.2931e-01,2.9722e-02,5.8813e-02,2.1586e-01,6.2817e-02
8.7453e-02,1.2063e-01,2.1068e-02,1.7156e-01,9.5000e-02,5.6338e-02,4.8491e-02,6.9405e-02,2.6335e-01,6.6702e-02
9.5515e-02,6.7190e-02,3.2661e-02,2.1885e-01,5.4046e-02,7.8761e-02,3.7854e-02,7.6266e-02,2.7013e-01,6.8729e-02
8.2058e-02,1.2255e-01,8.4603e-02,1.3425e-01,7.3862e-02,8.1112e-02,3.6866e-02,6.5586e-02,2.0457e-01,1.1454e-01
5.5492e-02,1.1573e-01,7.2297e-02,1.4098e-01,8.8236e-02,1.1054e-01,1.6618e-02,8.6432e-02,2.4433e-01,6.9342e-02
5.8809e-02,8.3702e-02,3.7107e-02,1.5415e-01,9.9529e-02,1.0024e-01,2.5057e-02,4.0068e-02,2.6508e-01,1.3626e-01
6.0722e-02,8.4388e-02,8.3091e-02,1.4003e-01,9.9089e-02,8.8269e-02,2.6248e-02,5.6662e-02,2.5417e-01,1.0734e-01
9.6478e-02,8.3680e-02,5.2988e-02,1.2817e-01,8.4735e-02,8.6607e-02,2.5645e-02,9.8993e-02,2.4435e-01,9.8351e-02
7.7268e-02,7.1785e-02,5.4266e-02,1.5736e-01,7.6571e-02,9.8095e-02,2.3373e-02,9.0722e-02,2.4291e-01,1.0765e-01
5.2962e-02,6.6900e-02,8.7210e-02,2.1202e-01,7.8555e-02,7.7772e-02,4.4542e-02,7.0835e-02,2.1100e-01,9.8209e-02
1.0271e-01,1.1023e-01,5.4755e-02,1.6940e-01,9.9840e-02,8.7828e-02,3.3805e-02,7.9099e-02,2.1279e-01,4.9545e-02
1.0557e-01,1.2132e-01,5.1941e-02,1.6123e-01,6.2059e-02,7.3697e-02,3.4058e-02,4.2632e-02,2.6746e-01,8.0031e-02
6.5475e-02,7.1600e-02,4.3285e-02,1.5259e-01,8.2503e-02,1.0017e-01,1.3433e-02,9.9892e-02,2.5398e-01,1.1707e-01
7.0012e-02,1.0422e-01,8.2970e-02,1.6274e-01,8.6917e-02,7.6793e-02,2.3095e-02,6.2305e-02,2.3722e-01,9.3726e-02
7.9129e-02,1.0727e-01,5.3277e-02,1.7978e-01,8.2846e-02,6.8798e-02,3.3871e-02,7.5764e-02,2.4621e-01,7.3059e-02
7.2848e-02,9.9417e-02,5.1280e-02,2.0473e-01,7.9798e-02,9.0768e-02,2.4754e-02,7.5785e-02,2.3151e-01,6.9108e-02
1.0188e-01,8.2007e-02,8.1847e-02,1.5592e-01,7.8624e-02,1.0437e-01,3.7212e-02,8.3055e-02,1.9161e-01,8.3484e-02
9.0260e-02,1.3026e-01,4.5618e-02,1.4975e-01,6.2440e-02,1.0505e-01,2.8328e-02,4.9915e-02,2.6478e-01,7.3599e-02
7.6644e-02,7.4930e-02,7.1841e-02,1.8853e-01,8.1060e-02,1.0304e-01,2.3065e-02,7.2538e-02,2.3140e-01,7.6946e-02
6.2356e-02,8.4267e-02,4.3921e-02,1.6785e-01,1.3842e-01,8.6539e-02,2.8728e-02,4.0312e-02,2.5020e-01,9.7418e-02
8.4074e-02,1.1136e-01,4.4373e-02,1.8578e-01,7.2738e-02,8.8502e-02,3.3535e-02,5.6112e-02,2.4915e-01,7.4378e-02
9.0976e-02,6.1718e-02,5.7356e-02,1.5351e-01,5.6334e-02,1.0885e-01,3.9400e-02,7.6917e-02,2.3618e-01,1.1875e-01
7.2694e-02,1.0892e-01,1.6279e-02,1.8141e-01,8.7428e-02,7.9412e-02,2.3905e-02,8.1664e-02,2.4306e-01,1.0523e-01
9.5395e-02,1.0532e-01,5.8925e-02,1.7331e-01,7.2394e-02,6.8209e-02,1.7926e-02,6.5027e-02,2.1133e-01,1.3216e-01
1.1696e-01,9.7405e-02,5.1005e-02,1.8800e-01,7.0197e-02,1.0839e-01,2.4328e-02,4.6707e-02,2.0208e-01,9.4931e-02
1.0740e-01,7.2211e-02,5.3548e-02,1.7584e-01,9.1055e-02,7.9862e-02,3.5022e-02,5.2474e-02,2.4052e-01,9.2071e-02
8.5039e-02,1.0309e-01,3.0180e-02,2.0973e-01,8.1423e-02,7.8421e-02,1.4520e-02,3.9793e-02,2.1927e-01,1.3854e-01
5.1704e-02,1.1180e-01,4.9795e-02,1.9622e-01,6.3685e-02,9.0483e-02,2.4172e-02,9.1422e-02,2.7053e-01,5.0190e-02
8.9397e-02,1.0793e-01,2.7238e-02,2.2258e-01,6.0352e-02,8.0189e-02,3.4896e-02,6.4461e-02,2.0904e-01,1.0392e-01
5.3195e-02,6.5028e-02,5.4911e-02,1.6289e-01,9.1888e-02,1.1475e-01,1.6801e-02,7.4531e-02,2.7840e-01,8.7605e-02
9.1363e-02,8.7699e-02,5.9019e-02,1.4189e-01,7.3425e-02,8.1459e-02,2.2945e-02,6.1025e-02,2.6483e-01,1.1634e-01
6.2200e-02,6.5077e-02,4.1818e-02,1.8383e-01,6.3012e-02,9.6641e-02,4.5778e-02,3.9505e-02,2.9054e-01,1.1160e-01
6.4376e-02,8.7137e-02,5.1892e-02,2.1806e-01,6.2162e-02,6.6670e-02,3.2615e-02,6.3265e-02,2.4633e-01,1.0749e-01
6.4121e-02,9.7485e-02,4.4687e-02,1.5286e-01,1.0505e-01,8.7890e-02,2.6646e-02,5.4770e-02,2.6333e-01,1.0317e-01
6.0299e-02,1.0535e-01,5.5070e-02,1.8690e-01,4.4902e-02,9.0117e-02,2.7890e-02,4.1543e-02,2.7944e-01,1.0848e-01
1.0156e-01,7.6438e-02,2.0312e-02,2.0001e-01,8.9377e-02,9.5295e-02,2.9364e-02,7.1210e-02,2.0075e-01,1.1569e-01
6.6783e-02,9.7591e-02,5.1814e-02,1.4530e-01,5.8224e-02,7.6880e-02,2.5810e-02,7.5152e-02,2.7323e-01,1.2921e-01
8.1157e-02,7.6835e-02,4.4933e-02,1.9376e-01,6.6657e-02,9.2029e-02,2.1127e-02,7.6549e-02,2.4855e-01,9.8410e-02
7.6826e-02,6.8489e-02,3.7639e-02,1.8867e-01,7.0315e-02,1.1522e-01,2.8781e-02,4.0994e-02,2.5888e-01,1.1418e-01
6.1829e-02,9.6472e-02,5.2537e-02,1.6989e-01,9.3043e-02,4.9759e-02,2.3853e-02,4.5506e-02,2.4996e-01,1.5715e-01
6.2546e-02,8.3808e-02,6.0080e-02,1.4669e-01,9.3780e-02,1.0050e-01,1.5502e-02,5.8265e-02,2.6388e-01,1.1495e-01
7.5223e-02,6.7237e-02,6.1398e-02,1.9564e-01,8.1413e-02,1.0840e-01,2.4694e-02,4.8052e-02,2.4887e-01,8.9070e-02
7.3283e-02,6.8564e-02,4.7961e-02,2.2615e-01,6.3158e-02,7.6455e-02,3.3115e-02,4.9035e-02,2.8384e-01,7.8443e-02
7.1720e-02,7.9226e-02,5.0415e-02,1.9160e-01,7.0167e-02,8.8074e-02,2.2030e-02,8.3627e-02,2.2494e-01,1.1820e-01
6.2713e-02,9.9178e-02,6.0960e-02,1.9467e-01,7.1274e-02,8.7550e-02,2.9179e-02,4.3527e-02,2.5780e-01,9.3151e-02
8.5118e-02,5.6506e-02,4.0137e-02,1.7047e-01,1.0989e-01,1.0561e-01,3.4608e-02,3.0899e-02,2.0312e-01,1.6364e-01
4.2810e-02,7.9050e-02,2.5440e-02,2.4382e-01,7.7239e-02,1.0637e-01,4.2025e-02,5.7212e-02,2.1918e-01,1.0685e-01
6.1891e-02,7.8986e-02,2.2473e-02,1.9693e-01,7.0726e-02,1.1493e-01,3.5780e-02,7.7997e-02,2.2776e-01,1.1252e-01
1.2102e-01,4.4195e-02,5.1254e-02,2.1645e-01,4.5678e-02,6.7972e-02,1.7380e-02,5.7396e-02,2.3784e-01,1.4081e-01
6.7112e-02,8.0769e-02,5.0959e-02,1.9455e-01,7.7478e-02,9.3939e-02,3.7049e-02,7.3587e-02,2.3445e-01,9.0109e-02
9.1399e-02,7.2467e-02,5.4941e-02,2.0394e-01,9.3121e-02,7.1590e-02,2.1991e-02,5.8804e-02,2.6705e-01,6.4699e-02
7.9287e-02,8.9557e-02,2.5853e-02,1.9884e-01,6.6855e-02,1.0268e-01,2.3646e-02,5.3647e-02,2.7932e-01,8.0322e-02
7.2847e-02,6.7501e-02,5.0028e-02,1.7342e-01,7.4667e-02,8.7632e-02,2.3816e-02,4.9270e-02,2.6087e-01,1.3995e-01
8.7309e-02,7.0521e-02,5.6242e-02,1.7312e-01,6.5391e-02,7.0537e-02,1.4976e-02,7.0815e-02,2.9935e-01,9.1734e-02
9.5891e-02,4.9788e-02,3.7237e-02,2.2396e-01,6.7663e-02,9.7521e-02,2.6547e-02,7.5563e-02,2.4573e-01,8.0099e-02
7.2942e-02,7.2999e-02,5.5051e-02,2.1539e-01,6.8657e-02,8.1224e-02,2.1125e-02,4.7814e-02,2.8869e-01,7.6110e-02
1.1705e-01,6.9055e-02,6.3728e-02,1.6637e-01,5.8184e-02,6.2096e-02,2.7202e-02,6.6660e-02,2.6228e-01,1.0737e-01
1.0106e-01,6.3241e-02,3.4206e-02,2.0099e-01,6.5654e-02,1.1119e-01,2.7983e-02,3.5476e-02,2.5162e-01,1.0859e-01
3.4893e-02,6.8336e-02,6.4846e-02,1.9575e-01,6.5069e-02,9.4231e-02,3.1354e-02,4.1674e-02,2.7024e-01,1.3360e-01
4.9608e-02,5.3204e-02,4.2322e-02,2.0349e-01,8.4731e-02,1.0340e-01,2.7909e-02,6.8479e-02,2.5142e-01,1.1544e-01
6.2571e-02,1.0030e-01,3.8721e-02,1.9239e-01,5.7010e-02,9.0011e-02,4.7378e-02,6.5455e-02,2.5506e-01,9.1098e-02
7.5771e-02,6.7458e-02,3.3645e-02,1.9420e-01,8.3390e-02,6.3549e-02,3.7289e-02,6.0485e-02,2.6139e-01,1.2283e-01
8.5151e-02,7.0533e-02,2.9570e-02,1.7213e-01,9.9025e-02,1.1762e-01,3.0104e-02,6.7447e-02,2.1140e-01,1.1702e-01
1.1126e-01,8.9919e-02,2.3417e-02,1.8757e-01,7.2177e-02,9.9461e-02,2.1431e-02,3.6388e-02,2.7562e-01,8.2748e-02
7.7431e-02,8.6992e-02,4.0557e-02,2.1056e-01,9.6283e-02,6.6509e-02,6.4370e-03,5.1844e-02,2.6880e-01,9.4588e-02
1.1083e-01,8.4563e-02,5.7838e-02,1.7294e-01,5.7244e-02,6.5097e-02,1.3049e-02,7.4986e-02,2.5285e-01,1.1060e-01
6.4824e-02,6.3942e-02,5.3619e-02,1.9004e-01,5.5442e-02,9.5314e-02,3.7021e-02,5.6537e-02,2.6830e-01,1.1496e-01
5.3531e-02,7.1479e-02,5.0236e-02,1.9470e-01,9.6758e-02,8.9695e-02,2.9027e-02,6.2767e-02,2.4274e-01,1.0906e-01
9.5901e-02,5.8574e-02,5.8457e-02,1.9832e-01,5.3381e-02,9.7123e-02,1.8152e-02,4.7338e-02,2.6334e-01,1.0941e-01
8.9182e-02,8.8246e-02,4.0176e-02,1.4739e-01,8.2460e-02,9.8770e-02,2.4573e-02,5.4666e-02,3.0261e-01,7.1934e-02
5.4494e-02,7.7563e-02,6.0280e-02,1.5485e-01,3.8638e-02,1.3637e-01,1.9251e-02,7.8239e-02,2.6573e-01,1.1460e-01
6.8187e-02,3.4226e-02,6.9489e-02,2.2759e-01,5.5535e-02,8.7330e-02,3.6865e-02,7.3150e-02,2.6902e-01,7.8605e-02
9.1927e-02,1.1301e-01,5.4216e-02,1.7363e-01,7.0189e-02,6.6200e-02,3.6402e-02,5.8569e-02,2.1502e-01,1.2083e-01
7.2950e-02,5.6751e-02,3.7978e-02,2.1300e-01,6.4807e-02,8.3296e-02,3.0450e-02,6.1445e-02,2.5837e-01,1.2096e-01
9.6250e-02,7.2105e-02,4.0355e-02,2.0473e-01,4.5457e-02,8.5312e-02,2.5676e-02,7.4784e-02,2.6169e-01,9.3647e-02
6.1012e-02,4.3319e-02,6.1528e-02,2.0145e-01,4.5031e-02,1.2450e-01,3.8649e-02,2.8692e-02,2.4990e-01,1.4592e-01
6.6960e-02,5.8843e-02,5.7936e-02,2.2334e-01,8.1051e-02,8.3841e-02,2.4909e-02,6.6972e-02,2.6402e-01,7.2132e-02
4.3378e-02,6.4477e-02,4.7258e-02,1.9715e-01,6.0303e-02,1.2117e-01,1.5939e-02,7.4891e-02,2.5629e-01,1.1915e-01
6.1885e-02,4.7594e-02,6.1501e-02,1.8893e-01,5.9757e-02,1.1541e-01,3.3779e-02,4.8438e-02,2.6763e-01,1.1508e-01
7.8497e-02,6.1861e-02,5.1425e-02,1.9219e-01,6.2537e-02,8.9263e-02,2.5952e-02,6.5323e-02,2.5687e-01,1.1609e-01
6.1676e-02,6.0606e-02,5.7082e-02,1.8967e-01,5.2708e-02,1.0143e-01,3.9122e-02,6.9475e-02,2.6594e-01,1.0229e-01
7.5792e-02,7.1989e-02,3.0909e-02,2.2372e-01,4.9262e-02,9.1603e-02,3.7614e-02,5.7164e-02,2.9150e-01,7.0445e-02
1.0431e-01,7.3154e-02,4.8929e-02,2.0625e-01,4.3273e-02,9.8850e-02,4.0944e-02,5.2528e-02,2.4017e-01,9.1597e-02
5.8882e-02,6.6565e-02,3.3428e-02,1.8597e-01,8.3830e-02,1.4707e-01,4.6379e-02,4.3751e-02,2.3919e-01,9.4941e-02
6.4571e-02,6.8603e-02,5.7931e-02,2.2344e-01,4.7296e-02,1.0590e-01,1.8333e-02,3.3918e-02,2.7560e-01,1.0442e-01
6.3744e-02,9.4691e-02,3.1522e-02,2.4484e-01,5.8897e-02,8.5788e-02,1.5604e-02,5.5080e-02,2.5393e-01,9.5906e-02
8.1219e-02,6.9039e-02,3.8058e-02,2.1095e-01,6.0772e-02,9.2170e-02,1.6725e-02,3.6139e-02,2.9160e-01,1.0333e-01
9.8909e-02,7.7347e-02,4.1518e-02,2.0729e-01,7.2702e-02,6.1924e-02,1.6449e-02,4.6486e-02,2.6918e-01,1.0819e-01
6.2369e-02,7.7848e-02,3.7491e-02,2.1661e-01,5.6515e-02,1.2638e-01,1.3103e-02,6.9867e-02,2.5860e-01,8.1205e-02
8.1062e-02,5.0036e-02,5.3622e-02,2.3329e-01,5.7422e-02,7.8012e-02,2.3601e-02,3.8999e-02,2.6363e-01,1.2034e-01
9.2118e-02,5.6023e-02,4.3192e-02,2.5307e-01,6.0821e-02,6.7723e-02,3.4837e-02,4.8259e-02,2.6580e-01,7.8155e-02
8.5873e-02,8.3554e-02,4.5878e-02,2.3788e-01,6.1097e-02,9.0225e-02,2.1664e-02,3.0547e-02,2.6039e-01,8.2894e-02
5.0138e-02,7.3072e-02,4.2376e-02,2.5087e-01,5.3712e-02,1.1461e-01,6.9930e-03,3.4474e-02,2.8543e-01,8.8322e-02
1.0848e-01,6.1834e-02,4.0722e-02,1.8962e-01,6.0731e-02,8.2512e-02,2.1002e-02,4.0167e-02,2.6183e-01,1.3311e-01
7.6798e-02,8.4982e-02,4.3232e-02,1.9798e-01,6.4610e-02,7.9851e-02,2.4010e-02,4.6944e-02,2.7654e-01,1.0505e-01
6.9973e-02,7.6694e-02,3.8378e-02,1.7606e-01,8.5578e-02,1.2596e-01,2.2115e-02,4.4115e-02,2.3369e-01,1.2743e-01
6.4324e-02,4.7857e-02,5.6639e-02,2.0981e-01,7.8688e-02,6.9016e-02,1.2857e-02,5.5803e-02,2.8700e-01,1.1801e-01
5.4323e-02,8.2624e-02,4.1666e-02,1.6955e-01,6.4630e-02,1.1257e-01,1.1823e-02,6.3517e-02,3.0332e-01,9.5983e-02
9.5604e-02,6.5195e-02,2.5165e-02,2.2870e-01,3.6383e-02,9.8006e-02,1.9056e-02,5.3399e-02,2.6885e-01,1.0964e-01
7.8472e-02,6.0233e-02,4.7376e-02,2.1227e-01,4.9217e-02,1.0485e-01,1.6368e-02,7.0295e-02,2.6063e-01,1.0028e-01
8.4752e-02,6.6222e-02,5.4553e-02,1.9518e-01,8.9861e-02,1.0481e-01,1.3423e-02,5.0878e-02,2.5066e-01,8.9652e-02
3.7621e-02,6.8912e-02,3.7931e-02,1.6319e-01,7.7632e-02,1.2081e-01,2.8351e-02,7.8654e-02,2.9332e-01,9.3569e-02
4.1858e-02,7.2606e-02,4.2544e-02,2.0298e-01,6.8077e-02,4.8252e-02,2.1101e-02,4.7905e-02,3.2790e-01,1.2677e-01
6.9843e-02,7.9311e-02,3.3658e-02,1.9591e-01,5.4247e-02,9.3890e-02,8.2167e-03,7.1616e-02,2.9827e-01,9.5040e-02
9.5935e-02,3.8841e-02,5.4179e-02,2.0010e-01,7.1361e-02,6.1692e-02,1.9170e-02,4.7670e-02,2.7740e-01,1.3365e-01
8.8383e-02,4.7422e-02,3.6728e-02,1.9911e-01,6.9552e-02,1.0793e-01,2.3954e-02,6.1105e-02,2.6776e-01,9.8055e-02
6.9304e-02,9.9448e-02,3.0762e-02,2.2911e-01,4.9174e-02,7.9425e-02,1.1822e-02,3.5110e-02,2.9394e-01,1.0190e-01
5.1744e-02,7.3981e-02,2.8178e-02,2.8997e-01,5.5176e-02,8.0226e-02,1.9771e-02,5.1337e-02,2.4406e-01,1.0556e-01
6.1077e-02,8.2033e-02,6.6145e-02,2.0912e-01,5.9076e-02,8.2296e-02,2.6400e-02,5.1699e-02,2.9610e-01,6.6059e-02
4.3644e-02,8.5818e-02,3.0802e-02,2.3263e-01,8.5182e-02,9.8244e-02,2.9483e-02,4.0144e-02,2.6839e-01,8.5670e-02
7.6596e-02,5.7129e-02,7.3600e-02,2.1523e-01,8.0792e-02,1.0548e-01,9.1897e-03,4.2585e-02,2.5842e-01,8.0980e-02
7.2808e-02,4.2952e-02,1.8584e-02,1.8381e-01,7.0139e-02,1.1120e-01,1.1760e-02,6.6716e-02,3.1295e-01,1.0908e-01
5.4956e-02,4.1789e-02,7.4076e-02,2.2254e-01,5.8561e-02,8.3300e-02,3.5843e-02,3.8097e-02,2.8424e-01,1.0660e-01
6.8117e-02,5.7827e-02,5.2033e-02,2.1631e-01,6.0373e-02,8.1580e-02,1.6665e-02,5.1081e-02,2.7864e-01,1.1737e-01
1.1254e-01,6.0421e-02,3.0836e-02,1.4813e-01,8.4420e-02,7.6976e-02,1.4166e-02,3.4505e-02,3.2528e-01,1.1273e-01
7.9868e-02,8.8349e-02,5.6928e-02,1.9499e-01,5.2687e-02,8.2659e-02,1.7037e-02,3.2137e-02,3.0197e-01,9.3368e-02
9.9608e-02,6.4344e-02,3.7640e-02,1.6009e-01,4.4168e-02,1.4090e-01,2.9122e-02,4.6490e-02,3.1762e-01,6.0012e-02
6.5836e-02,5.3239e-02,4.8895e-02,1.4603e-01,8.5898e-02,1.3447e-01,3.6236e-02,6.0789e-02,2.6350e-01,1.0510e-01
7.1478e-02,3.9448e-02,5.3468e-02,1.8332e-01,7.8770e-02,1.3157e-01,2.1254e-02,3.7959e-02,2.9490e-01,8.7834e-02
8.7887e-02,5.7735e-02,3.1108e-02,1.9034e-01,6.1775e-02,1.2353e-01,2.5109e-02,4.1554e-02,2.6041e-01,1.2055e-01
6.1615e-02,6.8480e-02,6.6761e-02,2.0725e-01,3.4295e-02,1.1075e-01,1.7719e-02,3.8945e-02,2.7088e-01,1.2330e-01
4.3427e-02,6.0597e-02,4.5327e-02,1.8295e-01,4.8561e-02,1.0083e-01,3.8023e-02,5.0426e-02,3.3552e-01,9.4348e-02
8.7362e-02,9.4855e-02,3.8896e-02,1.8142e-01,6.4409e-02,8.6176e-02,2.2960e-02,3.0209e-02,2.8680e-01,1.0691e-01
8.3708e-02,6.4721e-02,3.9217e-02,2.1573e-01,6.7352e-02,9.8261e-02,2.2878e-02,4.4818e-02,3.1254e-01,5.0771e-02
7.6500e-02,3.0403e-02,3.5253e-02,2.3829e-01,5.1562e-02,1.2332e-01,2.9894e-02,5.0311e-02,2.9357e-01,7.0900e-02
5.0980e-02,4.0837e-02,3.5689e-02,2.7126e-01,5.0056e-02,1.0861e-01,1.6367e-02,4.7669e-02,2.6880e-01,1.0974e-01
7.9811e-02,4.9249e-02,7.4904e-02,2.4582e-01,2.8409e-02,9.4282e-02,2.4768e-02,5.3280e-02,2.3723e-01,1.1224e-01
6.3597e-02,4.2314e-02,4.8935e-02,2.2055e-01,5.5698e-02,8.6213e-02,1.5819e-02,3.7167e-02,3.1969e-01,1.1002e-01
7.5421e-02,5.3855e-02,4.7083e-02,2.1718e-01,7.7262e-02,8.5438e-02,2.2944e-02,6.0526e-02,2.6130e-01,9.8993e-02
5.5930e-02,4.4138e-02,2.1644e-02,2.3306e-01,3.6705e-02,1.1271e-01,3.1967e-02,6.8952e-02,2.8976e-01,1.0512e-01
5.0086e-02,9.9509e-02,4.3945e-02,1.7561e-01,5.6103e-02,9.0683e-02,3.2278e-02,5.9810e-02,2.7183e-01,1.2015e-01
1.5102e-01,5.0348e-02,3.5555e-02,1.8552e-01,5.8242e-02,9.4765e-02,1.4562e-02,4.4969e-02,2.9671e-01,6.8311e-02
5.1832e-02,5.2897e-02,2.9680e-02,2.9245e-01,3.3989e-02,1.1821e-01,1.1949e-02,5.5980e-02,2.9123e-01,6.1791e-02
7.9790e-02,5.9375e-02,6.5445e-02,2.0106e-01,3.8113e-02,1.0607e-01,1.2409e-02,6.8420e-02,2.8732e-01,8.1998e-02
7.0412e-02,7.3797e-02,5.7876e-02,2.2185e-01,4.6976e-02,1.0307e-01,1.8258e-02,5.9863e-02,2.3650e-01,1.1140e-01
6.7007e-02,7.7536e-02,5.0459e-02,2.1468e-01,5.9097e-02,1.0710e-01,2.1331e-02,2.0651e-02,3.2048e-01,6.1660e-02
8.3007e-02,5.7798e-02,5.2618e-02,2.2101e-01,5.4292e-02,1.1012e-01,2.1194e-02,5.2526e-02,2.6293e-01,8.4503e-02
5.8977e-02,1.0204e-01,1.8730e-02,2.1913e-01,5.6195e-02,1.0025e-01,2.7518e-02,5.1992e-02,2.7459e-01,9.0564e-02
1.0453e-01,4.0974e-02,5.4490e-02,2.1819e-01,8.2411e-02,9.7879e-02,4.2380e-02,3.6639e-02,2.2162e-01,1.0087e-01
