2.6100e-08,1.7607e-07,8.1445e-01,1.7049e-01,3.0240e-12,9.9459e-04,1.5207e-03,1.2386e-02,1.5712e-04,8.7303e-11
1.2024e-01,6.1119e-04,1.0104e-01,3.1047e-03,5.2580e-02,9.2202e-03,5.7991e-01,2.2756e-03,1.2770e-01,3.3202e-03
1.9121e-02,2.7305e-02,5.0117e-02,2.3337e-01,8.5163e-03,3.3335e-02,1.2341e-02,2.4070e-02,4.4572e-01,1.4611e-01
4.1477e-02,4.0124e-03,1.0231e-01,1.3368e-01,1.9437e-01,1.5877e-01,9.3869e-02,6.2442e-03,1.3717e-01,1.2811e-01
4.7533e-02,1.6551e-02,7.8438e-02,1.1747e-01,1.8524e-01,2.1467e-01,1.9509e-02,5.3194e-02,9.8225e-02,1.6917e-01
4.3497e-02,3.5799e-02,1.0352e-01,1.3300e-01,5.7449e-02,2.7295e-01,1.0578e-01,6.8790e-02,1.0779e-01,7.1421e-02
1.4829e-02,2.7745e-02,1.3287e-01,2.0630e-01,6.9339e-02,2.0035e-01,4.8971e-02,5.8495e-02,1.3861e-01,1.0250e-01
2.6550e-02,3.5766e-02,1.1728e-01,1.4934e-01,4.1576e-02,1.8718e-01,7.3591e-02,7.8506e-02,2.1633e-01,7.3879e-02
7.3041e-03,7.8452e-02,1.2727e-01,1.1984e-01,7.6009e-02,9.5102e-02,8.4919e-02,1.1372e-01,2.1548e-01,8.1905e-02
3.2017e-02,4.5706e-02,8.6386e-02,1.1779e-01,5.3442e-02,8.3363e-02,3.7651e-02,1.3494e-01,2.2474e-01,1.8396e-01
9.7697e-03,9.4412e-02,5.9050e-02,1.3610e-01,9.3856e-02,5.2996e-02,3.0952e-02,1.4138e-01,2.6224e-01,1.1925e-01
1.3699e-02,1.1001e-01,7.3511e-02,1.0505e-01,1.2537e-01,4.1318e-02,5.5685e-02,1.5813e-01,1.7369e-01,1.4355e-01
5.7208e-03,1.1263e-01,5.4373e-02,1.3357e-01,9.5393e-02,6.9852e-02,4.8955e-02,1.6927e-01,1.9391e-01,1.1633e-01
6.6648e-03,1.0079e-01,6.6465e-02,1.6742e-01,7.6018e-02,9.1578e-02,4.2602e-02,1.5594e-01,1.6553e-01,1.2699e-01
7.5954e-03,1.3977e-01,3.6846e-02,1.5109e-01,1.0619e-01,3.2213e-02,5.2508e-02,1.1831e-01,2.1222e-01,1.4326e-01
5.4663e-03,9.0052e-02,5.3616e-02,6.8389e-02,1.0455e-01,4.1787e-02,8.9923e-02,1.5976e-01,1.9493e-01,1.9154e-01
3.5575e-03,7.6289e-02,3.8317e-02,1.4831e-01,1.4096e-01,6.0365e-02,5.8425e-02,9.1615e-02,2.2805e-01,1.5411e-01
1.3638e-02,7.6737e-02,8.0900e-02,1.4332e-01,1.3610e-01,6.7002e-02,3.8394e-02,9.6115e-02,2.2853e-01,1.1926e-01
1.1245e-02,1.0079e-01,6.2265e-02,1.0943e-01,1.0992e-01,7.8380e-02,3.9374e-02,6.3292e-02,2.4417e-01,1.8114e-01
1.5822e-02,6.7042e-02,7.3744e-02,1.8025e-01,1.5101e-01,5.3775e-02,4.9717e-02,8.0725e-02,1.9863e-01,1.2928e-01
1.1373e-02,5.1782e-02,5.5202e-02,1.2302e-01,1.6095e-01,7.3065e-02,3.4712e-02,1.1871e-01,1.7257e-01,1.9862e-01
1.9111e-02,8.2025e-02,4.4758e-02,9.6367e-02,1.0178e-01,6.0866e-02,3.6285e-02,1.1259e-01,2.3564e-01,2.1058e-01
2.2464e-02,8.9212e-02,2.4971e-02,1.3740e-01,1.1696e-01,1.0170e-01,2.4449e-02,1.3961e-01,1.8342e-01,1.5982e-01
1.4858e-02,5.3577e-02,5.0889e-02,1.2438e-01,1.1316e-01,8.2759e-02,2.1104e-02,1.1847e-01,2.6355e-01,1.5726e-01
2.4679e-02,7.9820e-02,4.9965e-02,1.1665e-01,1.2757e-01,8.2168e-02,4.1557e-02,1.0178e-01,2.2887e-01,1.4694e-01
1.8137e-02,6.8381e-02,6.0432e-02,1.2585e-01,1.4040e-01,7.8024e-02,2.9182e-02,8.5749e-02,2.1948e-01,1.7435e-01
1.7236e-02,6.3003e-02,3.5836e-02,1.4950e-01,1.6995e-01,6.8699e-02,3.9443e-02,1.3505e-01,1.8560e-01,1.3568e-01
1.1943e-02,8.2417e-02,5.3784e-02,1.1781e-01,8.5891e-02,9.5312e-02,7.0581e-02,1.2907e-01,2.1497e-01,1.3822e-01
2.5326e-02,7.6243e-02,5.0254e-02,1.4748e-01,1.1131e-01,4.4736e-02,2.8759e-02,1.0953e-01,2.1701e-01,1.8936e-01
2.6343e-02,8.1766e-02,3.7715e-02,1.2585e-01,1.2659e-01,7.9170e-02,4.9749e-02,1.7688e-01,1.8159e-01,1.1434e-01
6.8752e-03,5.5857e-02,3.8557e-02,9.8811e-02,1.4302e-01,1.1658e-01,2.7107e-02,1.2782e-01,2.4613e-01,1.3925e-01
3.2691e-02,9.6616e-02,3.7373e-02,1.2343e-01,1.3403e-01,1.0245e-01,3.0608e-02,1.0163e-01,2.3024e-01,1.1093e-01
1.6796e-02,6.1309e-02,4.0264e-02,1.4773e-01,1.1658e-01,9.9911e-02,4.5413e-02,1.1567e-01,2.0283e-01,1.5350e-01
1.3084e-02,1.0808e-01,3.1379e-02,1.1898e-01,1.2414e-01,7.3301e-02,3.5003e-02,1.5394e-01,1.7096e-01,1.7114e-01
3.0309e-02,6.0550e-02,5.9867e-02,1.4898e-01,1.0151e-01,6.4308e-02,2.3625e-02,1.1462e-01,2.1625e-01,1.7999e-01
1.2824e-02,1.0295e-01,3.0536e-02,8.3965e-02,9.0850e-02,7.0935e-02,4.4741e-02,1.4934e-01,2.1496e-01,1.9889e-01
2.2597e-02,9.7147e-02,3.4295e-02,1.2295e-01,1.0973e-01,8.2529e-02,1.3244e-02,1.0421e-01,2.4121e-01,1.7208e-01
1.8442e-02,7.9102e-02,3.8187e-02,1.7934e-01,7.4881e-02,7.4115e-02,3.3673e-02,1.5771e-01,1.9542e-01,1.4914e-01
1.5497e-02,9.6575e-02,2.9300e-02,1.0609e-01,1.4502e-01,5.0896e-02,3.4306e-02,1.2387e-01,2.3352e-01,1.6493e-01
1.9832e-02,8.3722e-02,1.8906e-02,1.5089e-01,1.1965e-01,7.2334e-02,2.4462e-02,1.3060e-01,2.0485e-01,1.7475e-01
1.6390e-02,9.8910e-02,3.9949e-02,1.5252e-01,1.1980e-01,7.2774e-02,3.0066e-02,1.4953e-01,1.8107e-01,1.3899e-01
1.9820e-02,5.0204e-02,3.6591e-02,1.2194e-01,9.1587e-02,7.1975e-02,2.2910e-02,1.5812e-01,2.4761e-01,1.7925e-01
2.1837e-02,8.6729e-02,3.2137e-02,1.5285e-01,1.3538e-01,5.0151e-02,2.5088e-02,1.4204e-01,1.8831e-01,1.6548e-01
3.9393e-02,8.5723e-02,3.9796e-02,1.3122e-01,1.1168e-01,7.0686e-02,2.7222e-02,1.2662e-01,2.1622e-01,1.5144e-01
2.2768e-02,9.9432e-02,2.8076e-02,1.1914e-01,6.0027e-02,7.3797e-02,4.4245e-02,1.8135e-01,2.0131e-01,1.6986e-01
1.7314e-02,1.1373e-01,4.5888e-02,1.2530e-01,1.2089e-01,9.1815e-02,3.4512e-02,9.9652e-02,2.0501e-01,1.4589e-01
1.5066e-02,1.4503e-01,5.1757e-02,1.5321e-01,8.9356e-02,7.7969e-02,2.8923e-02,1.3195e-01,1.6578e-01,1.4095e-01
3.0634e-02,1.0232e-01,4.9576e-02,1.3056e-01,8.0246e-02,8.8957e-02,5.1162e-02,1.0034e-01,2.4967e-01,1.1653e-01
2.2266e-02,1.3198e-01,5.0028e-02,1.1318e-01,9.4177e-02,7.5666e-02,4.4384e-02,1.0582e-01,2.2472e-01,1.3779e-01
1.7182e-02,1.0586e-01,4.1990e-02,1.3228e-01,1.0943e-01,7.6111e-02,3.3453e-02,1.2955e-01,1.5849e-01,1.9565e-01
2.4432e-02,1.5679e-01,3.2302e-02,1.1185e-01,9.7999e-02,4.5895e-02,2.1062e-02,1.5406e-01,1.6902e-01,1.8659e-01
1.2001e-02,1.4239e-01,3.0018e-02,1.1615e-01,8.3812e-02,5.3021e-02,1.7118e-02,1.1883e-01,2.2735e-01,1.9931e-01
2.2874e-02,1.4221e-01,2.4228e-02,1.3279e-01,1.1224e-01,4.5869e-02,4.6185e-02,1.0549e-01,1.9936e-01,1.6874e-01
2.5074e-02,1.2212e-01,1.6463e-02,1.2630e-01,1.0674e-01,6.9692e-02,1.9767e-02,9.3133e-02,2.4123e-01,1.7947e-01
1.3026e-02,1.6539e-01,1.3717e-02,1.5070e-01,9.7342e-02,4.9018e-02,1.2480e-02,9.6522e-02,2.2031e-01,1.8149e-01
1.1439e-02,1.4699e-01,3.3720e-02,1.2544e-01,1.2038e-01,6.8418e-02,1.3957e-02,9.6524e-02,1.9333e-01,1.8981e-01
1.1876e-02,1.5599e-01,3.1201e-02,1.2720e-01,1.1857e-01,5.4929e-02,3.4209e-02,8.1333e-02,2.5077e-01,1.3393e-01
5.8812e-03,1.6092e-01,2.5438e-02,1.3769e-01,1.4571e-01,4.1370e-02,9.0488e-03,1.0353e-01,1.9020e-01,1.8022e-01
2.3369e-02,1.4049e-01,1.6905e-02,1.0009e-01,8.8216e-02,8.9894e-02,1.1260e-02,1.0832e-01,2.3077e-01,1.9069e-01
2.5888e-02,1.4761e-01,1.2665e-02,1.2144e-01,1.2581e-01,6.2084e-02,3.6060e-02,7.1655e-02,2.5603e-01,1.4076e-01
1.4700e-02,1.8291e-01,4.9287e-02,9.1689e-02,9.8780e-02,5.4750e-02,9.5468e-03,7.4264e-02,2.4414e-01,1.7993e-01
3.3886e-02,1.4653e-01,1.7085e-02,1.3851e-01,1.0375e-01,3.5996e-02,4.4187e-02,9.9546e-02,2.2311e-01,1.5739e-01
2.3660e-02,1.0041e-01,1.9876e-02,1.3480e-01,1.2021e-01,5.1956e-02,2.3099e-02,8.0549e-02,2.3691e-01,2.0853e-01
1.7297e-02,1.2497e-01,3.0679e-02,1.1866e-01,9.1106e-02,4.8669e-02,1.9207e-02,5.5940e-02,2.5230e-01,2.4118e-01
1.4185e-02,1.3935e-01,2.8848e-02,1.5602e-01,1.0244e-01,5.5974e-02,1.9115e-02,6.1274e-02,2.3895e-01,1.8385e-01
1.7104e-02,1.8088e-01,8.1563e-03,9.2040e-02,9.4640e-02,7.7770e-02,2.6190e-02,6.5033e-02,2.3140e-01,2.0679e-01
2.9201e-02,1.6344e-01,6.0984e-03,1.0355e-01,8.4467e-02,6.8063e-02,3.4961e-03,6.5217e-02,2.7945e-01,1.9702e-01
1.4871e-02,1.7484e-01,2.1005e-02,1.1380e-01,1.1820e-01,5.0407e-02,2.6523e-02,4.7408e-02,2.5781e-01,1.7513e-01
1.0081e-02,2.4011e-01,1.3714e-02,1.0605e-01,9.8513e-02,7.0180e-02,1.8735e-02,6.3304e-02,2.4587e-01,1.3345e-01
1.0784e-02,1.5046e-01,3.2113e-02,1.1299e-01,1.1091e-01,5.5654e-02,1.6437e-02,5.3855e-02,2.7854e-01,1.7826e-01
2.4469e-02,1.7717e-01,1.6951e-02,1.2307e-01,1.0392e-01,9.3365e-02,1.4612e-02,4.2508e-02,2.3319e-01,1.7074e-01
1.3532e-02,2.1770e-01,2.0143e-02,1.3556e-01,1.1025e-01,5.3627e-02,8.8374e-03,7.9792e-02,2.0938e-01,1.5118e-01
1.3649e-02,1.6191e-01,2.2529e-02,1.2428e-01,7.9527e-02,6.2026e-02,9.9665e-03,6.0037e-02,2.2293e-01,2.4315e-01
1.3643e-02,1.8049e-01,3.6869e-02,1.0487e-01,1.0809e-01,5.1440e-02,1.3149e-02,6.2807e-02,2.5647e-01,1.7217e-01
1.1132e-02,1.8334e-01,2.9413e-02,1.4149e-01,1.0215e-01,7.2499e-02,2.3606e-02,4.5937e-02,2.3537e-01,1.5505e-01
1.2483e-02,1.8437e-01,1.2736e-02,1.4425e-01,6.3277e-02,6.0935e-02,1.4069e-02,4.8148e-02,2.9471e-01,1.6502e-01
1.2765e-02,1.7507e-01,1.0702e-02,1.3299e-01,1.0534e-01,5.2532e-02,2.7975e-02,5.6045e-02,2.4658e-01,1.8000e-01
1.1134e-02,2.1193e-01,1.2326e-02,1.3092e-01,1.0394e-01,3.9292e-02,5.6181e-03,4.7905e-02,2.6105e-01,1.7589e-01
1.0851e-02,2.0319e-01,6.4844e-03,9.5832e-02,1.0039e-01,7.6442e-02,1.6596e-02,4.0619e-02,2.6187e-01,1.8773e-01
1.9643e-02,1.6168e-01,1.7545e-02,1.2618e-01,1.0892e-01,5.4413e-02,7.7338e-03,6.1225e-02,2.6718e-01,1.7549e-01
1.7696e-02,2.3116e-01,2.2142e-02,1.3021e-01,9.8329e-02,2.4886e-02,9.4512e-03,5.4008e-02,2.0624e-01,2.0587e-01
7.9729e-03,1.6901e-01,3.0903e-02,1.0079e-01,9.9649e-02,6.1411e-02,8.5992e-03,3.2505e-02,2.9441e-01,1.9475e-01
8.6541e-04,1.9027e-01,2.2175e-02,1.1470e-01,1.2640e-01,4.9322e-02,2.2752e-02,7.4429e-02,2.5928e-01,1.3981e-01
1.2692e-02,1.9058e-01,2.0235e-02,9.6470e-02,1.1145e-01,5.6287e-02,1.1854e-02,6.3957e-02,2.2636e-01,2.1011e-01
9.9927e-03,1.8216e-01,1.6834e-02,9.3572e-02,1.1322e-01,2.4426e-02,9.2534e-03,4.8990e-02,3.3495e-01,1.6661e-01
2.5727e-02,1.8732e-01,2.5317e-02,1.6211e-01,8.1780e-02,5.9221e-02,1.3077e-02,3.7037e-02,2.6615e-01,1.4227e-01
6.6424e-03,1.9527e-01,1.5733e-02,9.6794e-02,1.2764e-01,3.8328e-02,2.4905e-02,3.2257e-02,2.6145e-01,2.0099e-01
1.0777e-02,2.0167e-01,1.2164e-02,8.9864e-02,9.7717e-02,4.2020e-02,1.0970e-02,5.0625e-02,2.5303e-01,2.3117e-01
6.3123e-03,1.7033e-01,8.9557e-03,1.1960e-01,1.0123e-01,3.6702e-02,5.9427e-03,3.4194e-02,3.4349e-01,1.7324e-01
8.9429e-03,1.5363e-01,1.3239e-02,1.3534e-01,9.5250e-02,5.6431e-02,9.1549e-03,5.5821e-02,3.0048e-01,1.7170e-01
7.8720e-03,1.8967e-01,1.2536e-02,1.2414e-01,1.0902e-01,3.7071e-02,4.8979e-03,2.9845e-02,3.4288e-01,1.4207e-01
7.3881e-03,1.8471e-01,1.2051e-02,1.1973e-01,9.3325e-02,2.5963e-02,8.6469e-03,3.4222e-02,3.4757e-01,1.6639e-01
1.9609e-03,1.8424e-01,2.3183e-03,1.3738e-01,9.2907e-02,3.7141e-02,9.7638e-03,4.2943e-02,2.8506e-01,2.0628e-01
7.7132e-03,2.3116e-01,2.4299e-02,7.2742e-02,1.1859e-01,4.0676e-02,1.1902e-02,3.3095e-02,2.9061e-01,1.6921e-01
5.9665e-03,2.0963e-01,2.2481e-02,1.0985e-01,1.0133e-01,6.9886e-02,2.1375e-03,5.3810e-02,2.8489e-01,1.4002e-01
8.1305e-03,1.6673e-01,7.1796e-03,1.3397e-01,6.1856e-02,4.6725e-02,1.4972e-02,6.5406e-02,3.4003e-01,1.5500e-01
5.4016e-03,1.7847e-01,1.7065e-02,1.2584e-01,7.8218e-02,7.2052e-02,5.2999e-03,3.2205e-02,3.2595e-01,1.5950e-01
2.6265e-03,2.2453e-01,7.6841e-03,9.2772e-02,1.2460e-01,3.2776e-02,6.3571e-03,6.6283e-02,2.7319e-01,1.6918e-01
1.7250e-04,1.9283e-01,1.1419e-03,1.1464e-01,1.0300e-01,4.3552e-02,1.0569e-02,5.4371e-02,3.2534e-01,1.5438e-01
2.9032e-03,2.0042e-01,1.1397e-02,1.1159e-01,6.2980e-02,6.7126e-02,6.1144e-03,4.9914e-02,3.5049e-01,1.3707e-01
4.8147e-03,1.9324e-01,3.2840e-03,1.3525e-01,9.6842e-02,5.6571e-02,4.8500e-03,4.0972e-02,3.2254e-01,1.4164e-01
2.1289e-03,1.9220e-01,1.1403e-02,9.8427e-02,1.1263e-01,5.4572e-02,6.2582e-03,4.3739e-02,2.7118e-01,2.0746e-01
1.5134e-02,1.8514e-01,1.3861e-02,9.9218e-02,1.0063e-01,5.3392e-02,1.0564e-02,2.6664e-02,2.8360e-01,2.1180e-01
7.1898e-03,2.0046e-01,1.8506e-02,1.0248e-01,8.3339e-02,5.4313e-02,1.0414e-02,4.4360e-02,3.3294e-01,1.4601e-01
5.4579e-04,1.3832e-01,3.1908e-02,1.0167e-01,7.8638e-02,4.3166e-02,1.5892e-02,3.8416e-02,3.2803e-01,2.2341e-01
2.1617e-02,1.6042e-01,1.5108e-02,1.0340e-01,1.1521e-01,5.6279e-02,4.4306e-03,4.3426e-02,3.2231e-01,1.5780e-01
1.0860e-02,1.8150e-01,1.0070e-02,1.0446e-01,8.7294e-02,4.1679e-02,1.2383e-02,3.2502e-02,2.9976e-01,2.1950e-01
6.9584e-03,1.3697e-01,2.0637e-02,1.1718e-01,9.3022e-02,6.2592e-02,1.5796e-02,3.8189e-02,3.0965e-01,1.9901e-01
1.0693e-03,1.8223e-01,2.9069e-02,1.2239e-01,7.4579e-02,6.5262e-02,1.4794e-02,3.8889e-02,3.2262e-01,1.4910e-01
1.2632e-02,1.8152e-01,3.2100e-02,1.1531e-01,6.0941e-02,5.3154e-02,1.1531e-03,2.3887e-02,3.2665e-01,1.9265e-01
6.5103e-04,2.2087e-01,1.7779e-02,1.2482e-01,5.6571e-02,3.1888e-02,1.9148e-02,2.9629e-02,3.4291e-01,1.5573e-01
9.8277e-03,1.6768e-01,1.1163e-02,1.5086e-01,6.7527e-02,5.4758e-02,1.1714e-02,4.4321e-02,3.0151e-01,1.8063e-01
1.0622e-02,1.8418e-01,1.6328e-02,9.0302e-02,6.9087e-02,3.2326e-02,9.8231e-04,3.6646e-02,3.6636e-01,1.9316e-01
7.0617e-03,1.4487e-01,1.0268e-02,1.0412e-01,8.5072e-02,7.7907e-02,1.6551e-02,2.5456e-02,3.8963e-01,1.3906e-01
7.2906e-04,2.1824e-01,1.4201e-02,1.1679e-01,9.4464e-02,5.5707e-02,1.0809e-02,3.7986e-02,2.8901e-01,1.6206e-01
9.9229e-03,1.9368e-01,1.2600e-02,1.4077e-01,4.7682e-02,8.8341e-02,1.7379e-03,3.9372e-02,2.6438e-01,2.0151e-01
8.1251e-04,2.0760e-01,8.8337e-03,1.2944e-01,7.8127e-02,5.9651e-02,5.8692e-03,3.1304e-02,3.1476e-01,1.6360e-01
1.1188e-02,1.7807e-01,1.0153e-02,1.1947e-01,6.5844e-02,7.6852e-02,9.3223e-03,4.2801e-02,2.6887e-01,2.1743e-01
2.4006e-02,2.1236e-01,1.2722e-02,9.9152e-02,4.4649e-02,3.7589e-02,2.2027e-02,3.1367e-02,3.5232e-01,1.6380e-01
5.2002e-03,1.6462e-01,6.2367e-03,1.3218e-01,6.0409e-02,3.1235e-02,5.9472e-03,2.1173e-02,3.9415e-01,1.7884e-01
5.6038e-03,1.8334e-01,1.9073e-03,1.1549e-01,9.6417e-02,3.8007e-02,1.5722e-02,3.9420e-02,3.5227e-01,1.5183e-01
1.8210e-03,2.1353e-01,7.9435e-03,1.0873e-01,9.1638e-02,2.6603e-02,2.7796e-02,2.2340e-02,2.9847e-01,2.0112e-01
3.6830e-03,2.0861e-01,9.4453e-03,7.9106e-02,7.8698e-02,5.6164e-02,2.0047e-02,5.2667e-02,3.2876e-01,1.6282e-01
1.1830e-03,1.8225e-01,1.7296e-02,1.0415e-01,4.8080e-02,3.4893e-02,9.3078e-03,4.7494e-02,3.9767e-01,1.5767e-01
1.5046e-02,1.7790e-01,4.5791e-03,9.1801e-02,5.4309e-02,6.1976e-02,8.9613e-03,2.4516e-02,3.6952e-01,1.9139e-01
2.9147e-03,1.8111e-01,1.6281e-02,1.4092e-01,3.9500e-02,6.2611e-02,1.2659e-02,2.2939e-02,3.3651e-01,1.8455e-01
1.7165e-03,1.7664e-01,1.4264e-02,7.4534e-02,7.9459e-02,5.9502e-02,1.3629e-02,3.3631e-02,3.6334e-01,1.8328e-01
7.7698e-03,1.6578e-01,1.6599e-02,1.1186e-01,5.6502e-02,7.9079e-02,3.8058e-03,5.2595e-02,3.6790e-01,1.3811e-01
3.9880e-04,2.1004e-01,6.4309e-03,7.9479e-02,4.1815e-02,4.9390e-02,1.5587e-02,3.7357e-02,3.5921e-01,2.0029e-01
5.3888e-03,2.6931e-01,7.6637e-03,9.1516e-02,6.2121e-02,6.3155e-02,5.6752e-04,4.1398e-02,3.0944e-01,1.4944e-01
6.3566e-04,2.0138e-01,3.9183e-03,1.3207e-01,5.6893e-02,4.8554e-02,1.4050e-02,3.2089e-02,3.3929e-01,1.7112e-01
1.0529e-03,1.8900e-01,8.1418e-03,1.0936e-01,4.8999e-02,3.3881e-02,1.0772e-02,3.6125e-02,3.3696e-01,2.2570e-01
3.2599e-03,1.8667e-01,1.2281e-02,9.5043e-02,7.5535e-02,6.2891e-02,4.9432e-03,2.6404e-02,2.9843e-01,2.3454e-01
7.3420e-04,2.2114e-01,3.3813e-03,1.3841e-01,5.6132e-02,5.1415e-02,1.5667e-02,1.8811e-02,3.4332e-01,1.5100e-01
1.0533e-02,2.2749e-01,2.6957e-03,1.0960e-01,4.1374e-02,6.5118e-02,1.4741e-02,3.2634e-02,3.4436e-01,1.5146e-01
2.4446e-03,2.1847e-01,5.5007e-03,8.4922e-02,7.1159e-02,5.4972e-02,1.3807e-02,3.5931e-02,3.5151e-01,1.6129e-01
1.6322e-03,2.0697e-01,8.3452e-03,1.0150e-01,4.6723e-02,3.7616e-02,1.1731e-02,4.8266e-02,3.4326e-01,1.9396e-01
5.8156e-03,1.9923e-01,4.9897e-04,1.2944e-01,4.4919e-02,6.3971e-02,6.8261e-03,2.3800e-02,3.5701e-01,1.6848e-01
2.0451e-03,2.3267e-01,8.8774e-03,9.1945e-02,4.8170e-02,2.6444e-02,5.2037e-03,3.5754e-02,3.9398e-01,1.5491e-01
5.5757e-04,2.4450e-01,5.0253e-03,1.0512e-01,3.5462e-02,5.1071e-02,9.2027e-03,3.9057e-02,3.3278e-01,1.7722e-01
1.7556e-03,2.1879e-01,8.3905e-04,1.0440e-01,4.2165e-02,2.7742e-02,1.2094e-02,2.9207e-02,4.2590e-01,1.3711e-01
9.3665e-04,2.5862e-01,1.8153e-03,6.0462e-02,5.6143e-02,3.1418e-02,2.8965e-04,2.6245e-02,3.6040e-01,2.0366e-01
5.1130e-03,2.1349e-01,3.9398e-03,8.9581e-02,8.3812e-02,3.1434e-02,1.9061e-02,2.1155e-02,3.4807e-01,1.8434e-01
3.1598e-03,1.9993e-01,3.5105e-03,1.1551e-01,3.8200e-02,4.3236e-02,7.4154e-03,3.3679e-02,3.9439e-01,1.6097e-01
5.0501e-03,2.2205e-01,4.1937e-03,6.4429e-02,5.8334e-02,5.4406e-02,3.1918e-03,2.5752e-02,4.1688e-01,1.4572e-01
5.3151e-03,2.1260e-01,2.3371e-03,1.3057e-01,5.5342e-02,3.4264e-02,4.0925e-03,3.7479e-02,3.8516e-01,1.3284e-01
3.9783e-03,2.0761e-01,3.6781e-03,1.0721e-01,5.5893e-02,5.7188e-02,1.0955e-02,1.2148e-02,3.4603e-01,1.9531e-01
9.0282e-03,2.2163e-01,5.2987e-03,1.0770e-01,2.3836e-02,2.9485e-02,1.8128e-04,4.6519e-02,3.7970e-01,1.7662e-01
9.6719e-03,2.2162e-01,4.6126e-03,1.2407e-01,6.7493e-02,5.0671e-02,5.9847e-03,5.4178e-02,3.2363e-01,1.3807e-01
1.9116e-03,2.5059e-01,1.0299e-03,1.0497e-01,4.2379e-02,2.9297e-02,4.8694e-03,2.0523e-02,3.4359e-01,2.0084e-01
2.1684e-03,2.6367e-01,3.7529e-03,7.2561e-02,2.0674e-02,5.5967e-02,8.7880e-03,4.0864e-02,3.5919e-01,1.7236e-01
5.6122e-04,2.3213e-01,1.0090e-02,1.0250e-01,2.9803e-02,4.1826e-02,4.6223e-03,2.4268e-02,4.1846e-01,1.3573e-01
6.5604e-04,2.4496e-01,1.2342e-03,7.2418e-02,2.7196e-02,3.9859e-02,3.5307e-03,4.1675e-02,4.1688e-01,1.5158e-01
9.5166e-04,2.3501e-01,4.2712e-03,6.9806e-02,5.5847e-02,4.5686e-02,3.9608e-03,2.8762e-02,4.0751e-01,1.4820e-01
1.0530e-03,2.3067e-01,4.6170e-03,1.0520e-01,4.5276e-02,3.7872e-02,9.3992e-03,2.8365e-02,3.8829e-01,1.4926e-01
4.9675e-03,2.4201e-01,4.0605e-03,6.7631e-02,4.5419e-02,2.5166e-02,1.1238e-02,1.7749e-02,3.9754e-01,1.8422e-01
6.1214e-05,2.5983e-01,2.2092e-04,9.3904e-02,4.3095e-02,4.2992e-02,4.1859e-03,3.8830e-02,3.2883e-01,1.8805e-01
6.2939e-03,2.5479e-01,4.5152e-03,6.9378e-02,4.0817e-02,3.3565e-02,6.5749e-03,3.2903e-02,4.1510e-01,1.3607e-01
9.0834e-03,2.7327e-01,5.7170e-03,7.9519e-02,3.4254e-02,4.0652e-02,1.8268e-03,2.5109e-02,3.7379e-01,1.5679e-01
4.8637e-03,3.1869e-01,6.0579e-03,6.3378e-02,4.8889e-02,2.7697e-02,5.2401e-03,1.5338e-02,3.9201e-01,1.1784e-01
2.9702e-03,2.3782e-01,7.1887e-03,1.0953e-01,3.3110e-02,3.9549e-02,2.4945e-03,2.0805e-02,3.5267e-01,1.9387e-01
1.6464e-04,2.4220e-01,1.0253e-02,7.5089e-02,4.7077e-02,3.7868e-02,2.6892e-03,3.4773e-02,3.7704e-01,1.7285e-01
1.3498e-03,2.6329e-01,1.0793e-02,7.4372e-02,3.5870e-02,5.8434e-02,7.4025e-03,1.6793e-02,3.9831e-01,1.3339e-01
3.5239e-04,2.4992e-01,9.0987e-03,9.8392e-02,3.2088e-02,3.1781e-02,9.8741e-03,4.2616e-02,3.5321e-01,1.7267e-01
1.0189e-02,2.4645e-01,1.1387e-03,8.7229e-02,2.2871e-02,2.2388e-02,1.5815e-03,2.7310e-02,4.4611e-01,1.3473e-01
1.1551e-03,2.6812e-01,5.2837e-04,6.2266e-02,5.5982e-02,1.8310e-02,6.9757e-03,1.4944e-02,4.3044e-01,1.4128e-01
2.9298e-03,2.4141e-01,2.2286e-03,8.7774e-02,3.5747e-02,4.4762e-02,1.3481e-02,2.0105e-02,3.6001e-01,1.9155e-01
5.7769e-04,2.4740e-01,2.5101e-03,6.5114e-02,2.4218e-02,1.4015e-02,2.3931e-03,3.2722e-02,4.4465e-01,1.6641e-01
4.5620e-04,2.8508e-01,5.6656e-03,7.2354e-02,3.0613e-02,4.8670e-02,6.5953e-03,2.6607e-02,3.8460e-01,1.3935e-01
5.4334e-03,2.6560e-01,8.6976e-04,9.5511e-02,3.7784e-02,3.5488e-02,3.3947e-03,1.7266e-02,4.1460e-01,1.2406e-01
5.2712e-03,2.7834e-01,3.3031e-03,7.2425e-02,2.9551e-02,3.3281e-02,1.9951e-02,2.6463e-02,4.1205e-01,1.1936e-01
3.5750e-03,2.8930e-01,9.5706e-03,7.0454e-02,2.5143e-02,3.7044e-02,9.3375e-04,1.3367e-02,4.0043e-01,1.5017e-01
4.7412e-03,2.6659e-01,1.2845e-02,5.9000e-02,3.0378e-02,3.4020e-02,5.0360e-03,2.4781e-02,3.8161e-01,1.8100e-01
4.7855e-03,3.4203e-01,1.3013e-03,7.7410e-02,2.2937e-02,1.6672e-02,4.8503e-03,2.3469e-02,3.6720e-01,1.3935e-01
9.6599e-04,2.7649e-01,8.5140e-03,7.2127e-02,3.1935e-02,2.1820e-02,2.8323e-04,4.8357e-02,3.9820e-01,1.4131e-01
9.3996e-04,3.0938e-01,1.9697e-03,6.6085e-02,3.5017e-02,3.1866e-02,6.4686e-03,2.9870e-02,3.9917e-01,1.1924e-01
1.3107e-04,2.4620e-01,4.5709e-04,5.7143e-02,4.3071e-02,5.0144e-02,4.2621e-03,2.0242e-02,4.4285e-01,1.3550e-01
6.2060e-04,3.0456e-01,6.8847e-03,5.0043e-02,2.6502e-02,4.4191e-02,6.0623e-03,1.5262e-02,3.9288e-01,1.5300e-01
2.3879e-03,2.9332e-01,7.0351e-03,8.4223e-02,2.4130e-02,4.2090e-02,3.8523e-03,2.7288e-02,3.7648e-01,1.3919e-01
3.7529e-04,2.6684e-01,1.0052e-03,7.1773e-02,2.4083e-02,2.2217e-02,7.7211e-03,2.4216e-02,4.3418e-01,1.4759e-01
2.1980e-03,2.7773e-01,1.0261e-02,9.9927e-02,2.7480e-02,4.9161e-02,1.2695e-02,2.0501e-02,3.9728e-01,1.0276e-01
1.6347e-04,2.5730e-01,3.4240e-03,8.6512e-02,3.4535e-02,2.9439e-02,5.5863e-03,1.5870e-02,4.3465e-01,1.3252e-01
2.0071e-03,2.7078e-01,5.5519e-03,6.5754e-02,2.7028e-02,2.9109e-02,6.0416e-03,1.8524e-02,4.3745e-01,1.3775e-01
2.0943e-03,2.6011e-01,1.3318e-03,4.4329e-02,4.1526e-02,3.1873e-02,1.2369e-03,2.1981e-02,4.4895e-01,1.4658e-01
3.8188e-04,2.5242e-01,1.0066e-03,4.9366e-02,3.2365e-02,3.2987e-02,2.5871e-03,2.4933e-02,4.7279e-01,1.3117e-01
5.0768e-03,3.5560e-01,2.8896e-03,6.1395e-02,3.5124e-02,2.0598e-02,4.2156e-04,3.6293e-02,3.8148e-01,1.0112e-01
1.7678e-03,3.4395e-01,1.2045e-02,4.8917e-02,1.5371e-02,3.2618e-02,7.8479e-03,1.5959e-02,3.7017e-01,1.5135e-01
3.8359e-03,3.2450e-01,5.1918e-03,5.1573e-02,5.5795e-02,2.3201e-02,1.0596e-02,1.8808e-02,3.7294e-01,1.3356e-01
5.0388e-03,3.0929e-01,3.5490e-03,7.3515e-02,2.6366e-02,2.0012e-02,1.5012e-04,1.0122e-02,3.8397e-01,1.6799e-01
4.0842e-05,2.9666e-01,4.0619e-03,4.7073e-02,3.4205e-02,1.7690e-02,1.0342e-02,1.6406e-02,4.1065e-01,1.6287e-01
3.7064e-03,3.5209e-01,4.2766e-03,6.1722e-02,2.6471e-02,2.2378e-02,1.0083e-02,2.5442e-02,3.8807e-01,1.0575e-01
4.3961e-04,3.2910e-01,1.9318e-03,6.0928e-02,2.3574e-02,2.2964e-02,2.4349e-04,1.9791e-02,4.1100e-01,1.3002e-01
2.6568e-05,3.1233e-01,1.1466e-03,5.7984e-02,3.3646e-02,3.3547e-02,5.0778e-03,2.1530e-02,3.9259e-01,1.4212e-01
4.2783e-04,3.3902e-01,2.2400e-03,4.2214e-02,2.7297e-02,4.7187e-02,4.9276e-03,2.2484e-02,3.9360e-01,1.2060e-01
1.1582e-03,3.1766e-01,6.1553e-04,6.5421e-02,1.6499e-02,1.7568e-02,9.9452e-05,2.0565e-02,4.1154e-01,1.4888e-01
3.6640e-04,3.1711e-01,1.1780e-03,5.2364e-02,4.4612e-03,2.8327e-02,2.8993e-03,1.1713e-02,4.7502e-01,1.0656e-01
4.0406e-03,3.3212e-01,7.0091e-03,4.9272e-02,2.5428e-02,2.4412e-02,5.6391e-03,2.7171e-02,3.9551e-01,1.2940e-01
7.0360e-05,3.1893e-01,1.0443e-04,6.9804e-02,3.8809e-02,2.9381e-02,2.8690e-04,1.2714e-02,4.3217e-01,9.7733e-02
7.5304e-05,3.3383e-01,8.9507e-04,8.6244e-02,2.6982e-02,2.3880e-02,3.8510e-04,2.3810e-02,3.6805e-01,1.3585e-01
1.6506e-05,3.6858e-01,1.1188e-02,6.0636e-02,2.1760e-02,2.4128e-02,4.0597e-03,1.7222e-02,3.7800e-01,1.1442e-01
2.9793e-03,3.0681e-01,3.7659e-03,7.8340e-02,1.1223e-02,1.1962e-02,2.9822e-03,1.6310e-02,4.4938e-01,1.1626e-01
9.2567e-04,2.6707e-01,3.3889e-03,7.2142e-02,3.2066e-02,1.1438e-02,1.2483e-03,1.2975e-02,4.2446e-01,1.7428e-01
1.3080e-03,3.7014e-01,1.7498e-03,5.6916e-02,4.4406e-02,1.8942e-02,1.1006e-02,2.2402e-02,3.8958e-01,8.3553e-02
4.6323e-03,3.6358e-01,3.7338e-03,6.5819e-02,3.0194e-02,1.1893e-02,8.4138e-03,1.2193e-02,4.0635e-01,9.3196e-02
2.1681e-04,3.5516e-01,9.2885e-04,5.9832e-02,2.6283e-02,2.5714e-02,5.4764e-04,1.9353e-02,4.1969e-01,9.2269e-02
1.9808e-03,2.6558e-01,3.3660e-04,6.5769e-02,2.1468e-02,2.1606e-02,2.9673e-03,7.8760e-03,4.9335e-01,1.1906e-01
7.8053e-04,3.3474e-01,2.7329e-03,7.8769e-02,1.7002e-02,1.4173e-02,4.4198e-03,1.3250e-02,3.7813e-01,1.5600e-01
5.5141e-05,3.8981e-01,9.3570e-05,3.6608e-02,1.9285e-02,7.1029e-03,3.8621e-04,1.8299e-02,4.3595e-01,9.2408e-02
8.5955e-05,3.0852e-01,2.1515e-04,5.4213e-02,1.9266e-02,2.7331e-02,8.9372e-04,1.5852e-02,4.5682e-01,1.1680e-01
5.4165e-03,3.8639e-01,9.2137e-03,4.3920e-02,1.8922e-02,1.8665e-02,1.3297e-03,2.1830e-02,4.0960e-01,8.4709e-02
9.2443e-04,3.6633e-01,8.5292e-04,5.9080e-02,1.8946e-02,1.7493e-02,1.1488e-03,2.7560e-02,4.3938e-01,6.8287e-02
1.4805e-03,4.1973e-01,1.4873e-03,5.4214e-02,8.7265e-03,2.9872e-02,9.7752e-04,2.0975e-02,3.8615e-01,7.6389e-02
8.2470e-03,4.4913e-01,3.1804e-03,2.4269e-02,1.8243e-02,1.7601e-02,5.8432e-03,1.7593e-02,3.5212e-01,1.0377e-01
5.2667e-04,3.3052e-01,1.3548e-03,4.5873e-02,3.6052e-02,1.9901e-02,6.4984e-03,1.2226e-02,4.0311e-01,1.4394e-01
1.5130e-04,4.3618e-01,3.1112e-04,4.2229e-02,2.0807e-02,2.2322e-03,4.1992e-03,1.6352e-02,3.6698e-01,1.1057e-01
2.1622e-05,3.6728e-01,1.0145e-03,6.5411e-02,1.7189e-02,1.9206e-02,1.4439e-04,1.8013e-02,4.0854e-01,1.0318e-01
3.1752e-04,3.2840e-01,2.3482e-03,7.0193e-02,2.2564e-02,1.6855e-02,4.7687e-03,2.1180e-02,4.1465e-01,1.1872e-01
1.4123e-04,4.6223e-01,7.1261e-04,4.5534e-02,1.4601e-02,2.3060e-02,2.9065e-04,6.0722e-03,3.4251e-01,1.0485e-01
7.1874e-05,3.6836e-01,1.8942e-04,3.1880e-02,1.7052e-02,1.3412e-02,3.3923e-03,2.2816e-02,4.2743e-01,1.1540e-01
1.1126e-03,4.2299e-01,6.4156e-04,3.7346e-02,2.1828e-02,2.5130e-02,1.9096e-02,1.8988e-02,3.4671e-01,1.0616e-01
1.9339e-03,3.9992e-01,1.6814e-04,4.4949e-02,2.2602e-02,2.7830e-02,7.3892e-03,4.7897e-03,4.0095e-01,8.9466e-02
3.2724e-03,4.3062e-01,1.5289e-03,2.5067e-02,2.0894e-02,2.6954e-02,9.8954e-04,2.9078e-02,3.7305e-01,8.8545e-02
5.1388e-04,4.8446e-01,1.5885e-03,2.8570e-02,1.6341e-02,1.0658e-02,2.0859e-04,1.3046e-02,3.5737e-01,8.7252e-02
1.0379e-02,3.5114e-01,2.5069e-03,7.1025e-02,1.9340e-02,1.8264e-02,3.3999e-03,2.6861e-02,4.0721e-01,8.9880e-02
6.4021e-03,3.9037e-01,1.2678e-03,5.7759e-02,2.4996e-02,1.0326e-03,6.1857e-03,1.2699e-02,4.1019e-01,8.9090e-02
1.5968e-04,4.0555e-01,1.2398e-03,3.9878e-02,2.6829e-02,1.0291e-02,9.6869e-04,1.3030e-02,4.4012e-01,6.1931e-02
1.8734e-05,3.8452e-01,2.5805e-03,4.2183e-02,1.9231e-02,1.9312e-02,1.3426e-03,1.2955e-02,4.1521e-01,1.0265e-01
8.2925e-06,4.4851e-01,1.9289e-03,2.4774e-02,1.8673e-02,2.7525e-02,4.7078e-03,9.1995e-03,3.6842e-01,9.6258e-02
7.4834e-05,4.0724e-01,6.0990e-04,4.7240e-02,1.2055e-02,8.5595e-03,3.4632e-03,1.3535e-02,3.9102e-01,1.1621e-01
1.0594e-03,5.1737e-01,5.3534e-04,4.2728e-02,1.3209e-02,1.2203e-02,1.2560e-02,3.0378e-03,3.3753e-01,5.9775e-02
1.8988e-05,4.3037e-01,5.2103e-03,4.5458e-02,9.5440e-03,9.3325e-03,5.8972e-04,1.4725e-02,4.0867e-01,7.6087e-02
8.3339e-04,3.7103e-01,5.9826e-04,5.2270e-02,2.3099e-02,3.4339e-02,4.1288e-04,1.2427e-02,4.0961e-01,9.5378e-02
2.8725e-03,4.0696e-01,3.8120e-03,4.8755e-02,3.3214e-02,1.2408e-02,4.6381e-03,1.1083e-02,3.6247e-01,1.1379e-01
3.7145e-03,4.4612e-01,8.2661e-04,2.7034e-02,1.8903e-02,1.7634e-02,1.9756e-04,1.2730e-02,4.0425e-01,6.8596e-02
4.4678e-04,3.5892e-01,5.2468e-04,3.4495e-02,2.4855e-02,1.1516e-02,8.4169e-04,8.1468e-03,4.3954e-01,1.2071e-01
2.5617e-05,4.1086e-01,1.6282e-03,4.2406e-02,1.6242e-02,1.5669e-02,5.1634e-03,1.4384e-02,4.1325e-01,8.0374e-02
5.4115e-03,4.8502e-01,7.7664e-03,3.1418e-02,2.2062e-02,1.0714e-02,6.5831e-03,2.3807e-03,3.3884e-01,8.9807e-02
8.3020e-05,4.1587e-01,1.9027e-03,2.0941e-02,6.6930e-03,1.9662e-02,7.2550e-03,8.5844e-03,4.3463e-01,8.4379e-02
4.3715e-03,4.5884e-01,4.4543e-03,3.9229e-02,2.2276e-02,1.0882e-02,6.2392e-04,1.3910e-02,3.8167e-01,6.3740e-02
2.6220e-03,4.4608e-01,5.4114e-04,4.6879e-02,2.8882e-02,1.1142e-02,1.2688e-03,9.5704e-03,3.5262e-01,1.0039e-01
7.1274e-04,4.6771e-01,1.2383e-03,2.6376e-02,1.2838e-02,1.2937e-02,1.8086e-03,1.3127e-02,4.0191e-01,6.1344e-02
2.9872e-04,4.2064e-01,6.4779e-04,3.6201e-02,3.1105e-02,7.3540e-03,3.1433e-03,1.5176e-02,4.0466e-01,8.0769e-02
3.0481e-04,4.6042e-01,5.0350e-04,4.5627e-02,1.8642e-02,2.3101e-02,7.3090e-04,1.7781e-02,3.8460e-01,4.8288e-02
8.6128e-04,4.4492e-01,1.3290e-03,3.4854e-02,1.5921e-02,1.5264e-02,2.7865e-03,1.4179e-02,4.1348e-01,5.6414e-02
1.2677e-04,5.0392e-01,2.1933e-03,3.0899e-02,1.7930e-02,1.0603e-02,2.9077e-04,2.1182e-02,3.2384e-01,8.9015e-02
5.1304e-03,5.0063e-01,1.1886e-04,1.5560e-02,1.0950e-02,1.1231e-02,2.1588e-04,2.0347e-02,3.7708e-01,5.8738e-02
5.3099e-04,4.4896e-01,6.7225e-04,2.0824e-02,1.8169e-02,1.2130e-02,1.8953e-04,2.0216e-02,4.0986e-01,6.8453e-02
2.7269e-04,4.9189e-01,2.5844e-04,7.2593e-03,2.0030e-02,5.8077e-03,2.6825e-04,2.1586e-02,3.8733e-01,6.5301e-02
2.9225e-04,4.9919e-01,2.0760e-03,3.5687e-02,1.7550e-02,1.8827e-02,7.2073e-04,7.5836e-03,3.2208e-01,9.5988e-02
2.5935e-04,4.7776e-01,1.6882e-04,2.2655e-02,1.0842e-02,2.7578e-02,1.2338e-04,1.1814e-02,3.5243e-01,9.6370e-02
3.5151e-04,5.0112e-01,1.0618e-03,2.5400e-02,2.1356e-02,1.2154e-02,1.0168e-02,1.8468e-02,3.3854e-01,7.1388e-02
1.1289e-03,5.5463e-01,1.2951e-03,1.1388e-02,1.4024e-02,1.3916e-02,8.1240e-04,1.0335e-02,3.1031e-01,8.2157e-02
8.0617e-04,4.5222e-01,1.6542e-03,1.4771e-02,4.7845e-03,3.1016e-02,2.1965e-03,2.0585e-02,3.9853e-01,7.3435e-02
5.0071e-03,4.3872e-01,6.1893e-04,2.2979e-02,2.0268e-02,1.5937e-02,1.6333e-03,1.6078e-02,4.2880e-01,4.9954e-02
7.7297e-05,4.7683e-01,1.6531e-03,2.6342e-02,8.5770e-03,1.0690e-02,1.0945e-02,1.8657e-03,3.9281e-01,7.0212e-02
4.4370e-03,5.2167e-01,4.2178e-04,2.7863e-02,1.3816e-02,9.1647e-03,3.1792e-04,1.0869e-02,3.5828e-01,5.3162e-02
1.5505e-04,4.3756e-01,3.2217e-04,3.4369e-02,3.1331e-02,1.7345e-02,5.9384e-03,5.4452e-03,3.8804e-01,7.9499e-02
3.1243e-05,4.7419e-01,2.5061e-03,1.7880e-02,1.1777e-02,5.3921e-03,2.8387e-04,2.0750e-02,3.9510e-01,7.2091e-02
2.0619e-05,5.0160e-01,5.4158e-04,4.0146e-02,1.6032e-03,1.1106e-02,5.6234e-04,9.2259e-03,3.5706e-01,7.8137e-02
3.5740e-05,5.7177e-01,3.2846e-04,1.9776e-02,1.0038e-02,1.4687e-02,1.9540e-04,8.5689e-03,3.1851e-01,5.6089e-02
8.9773e-05,5.1270e-01,2.2682e-03,2.3912e-02,8.4436e-03,9.4449e-03,5.9434e-05,2.5676e-02,3.8082e-01,3.6579e-02
2.2246e-03,5.5935e-01,8.4590e-04,1.8474e-02,1.0676e-02,1.1692e-02,1.0768e-03,5.3075e-03,3.4489e-01,4.5468e-02
8.4823e-05,4.4817e-01,2.9823e-04,2.1497e-02,1.0358e-02,1.1335e-02,4.0098e-03,1.9944e-02,4.1626e-01,6.8034e-02
3.3377e-05,5.4644e-01,2.4410e-04,2.7955e-02,1.4185e-02,1.0242e-02,2.0149e-04,4.1503e-03,3.3200e-01,6.4543e-02
1.2461e-04,4.8766e-01,1.1844e-03,2.1796e-02,1.9251e-02,1.1669e-02,2.1405e-04,1.6868e-02,4.1214e-01,2.9098e-02
4.9626e-03,5.2898e-01,5.1095e-03,3.4272e-02,2.4735e-02,1.0265e-02,7.7388e-05,1.0617e-02,3.3235e-01,4.8626e-02
3.1879e-03,6.0084e-01,9.1432e-04,1.6543e-02,2.5498e-03,6.1400e-03,4.7027e-03,5.6049e-03,3.0100e-01,5.8516e-02
1.5739e-05,5.3048e-01,2.9077e-03,2.7580e-02,2.1540e-02,1.4517e-02,4.9624e-04,6.5394e-03,3.6419e-01,3.1730e-02
5.1434e-04,5.4665e-01,1.0245e-04,3.1374e-02,1.3899e-02,7.8690e-03,3.2807e-03,1.3307e-02,3.3104e-01,5.1958e-02
1.8179e-04,5.5041e-01,4.3148e-04,1.2269e-02,2.9096e-03,8.8107e-03,1.0634e-03,3.2814e-03,3.6650e-01,5.4147e-02
1.9436e-05,5.6079e-01,6.4894e-04,2.0478e-02,1.6382e-02,1.0546e-02,2.1318e-04,1.1044e-02,3.3216e-01,4.7722e-02
2.6319e-04,5.6812e-01,5.5266e-05,4.9845e-03,2.7209e-03,7.1275e-03,6.6936e-05,1.2486e-02,3.6032e-01,4.3853e-02
8.9433e-05,5.6484e-01,2.8620e-04,2.1403e-02,9.8565e-03,4.3739e-03,1.3510e-03,1.4306e-02,3.3291e-01,5.0582e-02
8.5156e-06,5.4796e-01,2.1416e-03,1.2836e-02,7.6529e-03,8.5179e-03,2.5430e-04,1.0054e-02,3.5852e-01,5.2049e-02
8.2434e-05,5.4166e-01,1.5136e-04,2.0023e-02,3.0146e-03,6.3425e-03,8.2176e-04,1.4114e-02,3.6210e-01,5.1686e-02
3.0250e-05,5.8315e-01,5.5356e-05,2.4984e-02,6.9746e-03,2.2164e-02,3.9649e-03,6.6117e-03,2.9324e-01,5.8821e-02
6.6508e-04,5.4277e-01,2.1601e-04,2.0735e-02,6.1730e-03,4.0977e-03,3.8874e-04,2.0211e-03,3.8297e-01,3.9956e-02
7.3988e-05,5.8871e-01,1.7118e-04,7.7882e-03,2.5384e-02,7.9911e-04,1.3199e-03,6.2528e-03,3.0914e-01,6.0360e-02
7.9900e-05,5.8417e-01,8.9125e-05,2.3669e-02,2.2890e-02,1.0565e-02,4.2469e-04,1.5362e-03,3.1617e-01,4.0414e-02
7.5069e-05,5.3719e-01,6.1174e-04,2.4714e-02,2.1239e-02,1.0065e-02,2.0590e-04,6.2330e-03,3.4446e-01,5.5209e-02
4.1973e-05,5.3551e-01,1.6336e-03,2.1911e-02,1.1256e-02,7.1984e-03,4.3124e-04,6.7676e-03,3.4812e-01,6.7130e-02
7.7846e-05,5.3318e-01,2.3977e-04,8.7825e-03,4.6680e-04,7.7925e-03,6.5547e-05,7.2037e-03,3.8926e-01,5.2933e-02
2.0275e-04,6.2883e-01,1.5947e-03,7.0489e-03,3.0187e-03,5.3392e-03,2.5600e-04,5.9415e-03,3.2612e-01,2.1655e-02
5.6668e-04,5.9020e-01,2.2258e-04,2.6395e-02,1.1649e-02,9.5849e-03,5.8069e-04,1.4517e-02,2.9525e-01,5.1038e-02
1.1490e-04,5.7991e-01,5.6698e-03,1.3287e-02,7.6902e-03,1.0256e-02,4.7525e-03,1.1399e-02,3.2057e-01,4.6359e-02
3.6096e-05,5.5230e-01,2.4655e-04,6.7492e-03,8.1126e-04,1.3539e-02,3.6462e-04,1.7928e-02,3.5659e-01,5.1430e-02
1.2569e-05,5.6441e-01,3.1144e-04,1.4297e-02,5.8373e-03,4.1237e-04,7.6600e-05,1.6784e-02,3.5674e-01,4.1115e-02
4.4565e-04,5.8461e-01,1.1680e-04,1.6523e-02,2.9187e-03,1.5746e-02,4.0111e-03,3.7231e-03,3.1804e-01,5.3861e-02
1.4469e-03,6.2578e-01,3.1515e-03,1.9509e-02,5.6585e-03,2.6068e-03,4.2004e-04,4.4002e-03,2.8623e-01,5.0795e-02
1.0546e-04,6.1859e-01,7.1650e-04,2.2634e-03,7.4962e-03,5.4378e-03,1.0984e-03,1.0342e-02,2.8317e-01,7.0783e-02
4.9133e-03,6.1755e-01,3.6929e-03,1.6492e-02,1.5436e-02,3.2276e-04,2.0683e-04,1.2495e-03,3.1407e-01,2.6067e-02
1.2303e-03,6.0844e-01,4.2651e-04,7.8249e-03,1.1813e-02,2.7604e-03,3.4365e-04,1.2049e-02,3.0047e-01,5.4640e-02
3.8817e-04,5.5617e-01,4.3738e-03,1.5532e-02,4.3972e-04,2.8575e-03,1.0292e-03,1.7115e-02,3.6869e-01,3.3409e-02
1.7233e-04,5.5753e-01,2.9726e-04,1.8766e-02,1.0771e-02,1.7192e-03,9.4617e-04,1.4165e-02,3.3086e-01,6.4776e-02
9.6161e-05,5.9359e-01,1.0553e-04,7.7533e-04,6.8921e-03,9.9778e-03,4.3121e-04,3.1165e-03,3.4706e-01,3.7959e-02
4.8776e-04,6.8929e-01,5.5725e-04,1.9769e-02,6.7040e-03,6.5996e-03,3.5038e-04,4.2224e-03,2.3986e-01,3.2161e-02
3.6959e-03,6.1086e-01,2.1914e-03,1.9203e-02,1.2752e-02,2.3065e-03,6.5612e-04,4.4153e-03,3.1793e-01,2.5990e-02
2.4382e-05,6.4453e-01,2.0389e-04,1.7912e-02,1.2909e-02,4.5375e-03,3.7705e-04,1.0337e-02,2.6275e-01,4.6419e-02
7.8492e-05,6.2965e-01,3.7876e-03,2.6791e-02,8.0719e-03,1.5460e-02,2.8799e-03,5.8678e-03,2.7056e-01,3.6850e-02
1.1644e-05,6.7736e-01,5.1905e-04,2.5049e-03,1.1120e-02,3.9593e-03,6.8272e-04,1.2894e-02,2.7191e-01,1.9036e-02
6.4301e-05,6.5715e-01,3.3320e-04,6.4626e-03,3.1283e-03,1.0124e-02,2.9032e-04,5.1865e-03,3.0588e-01,1.1378e-02
4.3212e-03,5.6628e-01,8.1331e-04,1.7880e-02,5.2015e-03,1.7786e-04,2.4897e-04,2.1667e-03,3.2735e-01,7.5557e-02
8.1861e-06,6.6764e-01,2.6186e-03,6.9579e-03,8.6977e-03,3.1418e-04,1.0104e-04,1.5896e-02,2.7083e-01,2.6934e-02
1.6083e-05,6.1871e-01,7.2180e-05,7.1732e-03,6.7717e-03,1.0800e-02,6.7315e-04,7.4466e-03,3.1042e-01,3.7920e-02
2.1084e-05,6.3971e-01,1.1236e-03,2.6818e-02,1.4656e-02,5.3742e-03,3.3031e-04,8.6542e-03,2.7592e-01,2.7397e-02
8.0668e-05,7.0781e-01,7.2679e-05,5.2009e-03,2.8305e-03,9.3779e-03,2.8716e-04,5.5868e-03,2.5925e-01,9.4994e-03
2.8520e-05,6.9686e-01,1.1291e-04,6.5530e-03,2.4982e-02,2.0432e-04,5.1524e-03,3.7848e-03,2.3050e-01,3.1823e-02
8.7395e-05,6.4084e-01,1.8419e-03,8.1903e-04,1.3241e-02,5.3334e-03,4.1776e-04,1.6014e-02,2.9757e-01,2.3829e-02
7.3188e-05,6.7206e-01,8.0571e-05,1.0121e-02,2.3129e-03,1.4706e-04,2.0814e-04,2.6100e-03,3.0554e-01,6.8446e-03
5.5300e-05,6.5992e-01,5.4974e-05,5.6631e-04,7.4697e-03,1.5171e-04,6.6303e-04,7.4823e-03,2.9036e-01,3.3273e-02
5.1917e-05,6.3897e-01,9.8215e-04,2.1746e-02,6.5224e-03,1.2149e-03,2.2512e-04,1.2464e-02,2.8706e-01,3.0759e-02
1.0577e-05,7.1259e-01,6.7741e-04,9.1635e-03,1.3346e-03,6.0097e-03,2.4812e-04,6.5689e-03,2.4557e-01,1.7826e-02
1.4708e-05,6.5996e-01,5.3355e-04,1.6830e-03,6.3142e-03,3.7234e-03,1.1002e-03,1.3377e-02,3.0090e-01,1.2390e-02
3.2160e-04,6.5982e-01,8.2672e-04,1.0051e-02,1.9184e-02,2.6153e-03,1.4459e-04,2.2389e-03,2.8219e-01,2.2609e-02
9.2819e-06,6.7195e-01,3.3420e-05,6.4001e-03,2.7395e-03,3.0233e-03,1.5858e-04,9.1627e-03,2.7972e-01,2.6802e-02
9.1085e-06,7.2830e-01,8.8381e-05,8.0354e-03,8.5778e-03,1.6579e-03,4.0669e-05,5.6924e-03,2.1073e-01,3.6865e-02
1.1218e-04,6.8422e-01,6.5575e-04,1.5949e-02,1.3750e-03,5.3642e-03,1.5016e-04,8.9091e-03,2.5684e-01,2.6427e-02
1.7303e-05,6.7897e-01,1.0877e-03,7.7758e-03,9.1516e-03,1.0538e-02,1.8765e-04,7.1255e-03,2.7029e-01,1.4859e-02
6.0223e-05,7.1764e-01,6.5182e-05,5.6137e-03,4.4919e-03,1.6275e-05,3.2615e-04,4.4732e-03,2.3447e-01,3.2843e-02
8.0218e-05,6.4673e-01,1.4774e-04,2.0116e-02,9.7794e-04,7.1432e-03,1.8376e-03,1.2706e-02,2.7676e-01,3.3508e-02
2.5989e-05,7.1016e-01,2.0670e-04,7.2720e-03,1.2517e-02,4.2848e-03,2.8457e-04,8.3518e-03,2.4864e-01,8.2629e-03
1.9970e-05,6.6986e-01,6.6806e-04,6.8711e-03,1.7012e-04,9.9093e-03,4.0226e-05,1.2775e-02,2.7091e-01,2.8775e-02
3.0895e-05,7.2304e-01,1.4514e-03,6.7270e-03,8.9072e-04,3.0680e-03,1.1688e-03,1.3615e-02,2.1418e-01,3.5827e-02
6.3419e-06,7.2184e-01,1.7999e-03,1.2602e-02,5.5463e-03,2.1055e-03,1.4770e-03,5.6481e-03,2.3188e-01,1.7092e-02
8.2731e-06,6.6562e-01,5.4308e-05,5.0699e-03,1.2867e-02,8.2219e-03,2.3089e-04,2.6829e-03,2.8117e-01,2.4079e-02
2.3914e-03,7.3677e-01,3.2289e-05,3.3711e-03,9.2873e-03,6.1877e-03,7.7517e-04,2.4194e-03,2.2557e-01,1.3197e-02
8.9280e-06,7.1165e-01,6.6457e-05,1.4946e-02,2.7173e-03,5.0120e-03,1.2171e-04,4.6540e-03,2.4994e-01,1.0885e-02
2.4231e-03,7.1395e-01,1.4359e-03,1.3547e-02,5.0225e-03,4.9020e-03,3.0350e-04,5.5783e-03,2.4624e-01,6.6016e-03
8.0640e-06,7.3265e-01,4.2973e-03,1.7484e-02,1.5999e-04,7.0206e-04,4.9845e-04,8.3756e-04,2.4005e-01,3.3045e-03
1.7176e-05,7.2673e-01,1.9219e-04,8.6210e-03,8.1087e-03,1.2511e-03,1.0081e-04,1.2174e-02,2.2977e-01,1.3034e-02
6.2516e-04,7.1607e-01,1.5555e-03,1.0534e-02,2.0948e-03,1.1930e-04,2.5089e-04,2.9429e-03,2.5734e-01,8.4706e-03
7.7313e-05,7.2437e-01,5.6268e-04,3.7477e-03,8.0626e-03,1.5745e-05,4.9852e-03,6.8900e-03,2.3863e-01,1.2656e-02
2.1164e-05,6.9343e-01,8.8219e-04,1.1272e-02,5.3335e-03,2.1776e-03,1.9410e-04,5.6970e-03,2.6948e-01,1.1514e-02
1.6823e-04,7.2101e-01,1.2653e-04,6.8732e-03,2.1922e-03,7.0634e-04,5.6879e-05,8.7696e-03,2.4310e-01,1.6999e-02
6.3781e-04,7.2200e-01,1.2435e-04,2.7617e-02,8.8240e-03,9.6460e-04,1.0025e-02,3.0481e-03,2.2442e-01,2.3407e-03
1.6091e-03,7.2817e-01,7.2250e-05,7.3116e-03,4.2548e-03,6.0135e-04,6.9574e-04,2.4259e-03,2.3588e-01,1.8978e-02
1.0997e-05,7.3929e-01,3.2412e-04,1.0177e-02,2.5441e-03,5.0858e-03,2.3947e-03,2.6780e-03,2.2609e-01,1.1410e-02
9.7977e-05,7.5592e-01,2.1920e-04,4.6284e-03,5.7176e-03,1.0060e-03,5.8861e-05,5.4680e-03,2.2129e-01,5.5958e-03
1.3687e-05,7.3917e-01,1.8597e-04,1.5915e-02,1.4784e-04,2.0019e-04,4.1959e-05,3.0242e-03,2.2625e-01,1.5057e-02
2.8195e-04,7.3877e-01,1.6240e-04,3.4180e-03,8.8295e-03,2.2667e-03,1.2579e-04,2.8783e-03,2.2785e-01,1.5421e-02
1.7503e-05,8.0156e-01,5.8420e-05,1.0395e-02,4.5171e-05,9.0716e-05,9.8515e-05,1.3882e-03,1.8106e-01,5.2819e-03
3.8671e-06,7.4148e-01,7.9894e-05,9.9951e-03,2.1958e-05,4.0568e-03,9.0844e-05,4.6491e-04,2.3877e-01,5.0367e-03
1.4930e-04,7.3793e-01,5.2045e-04,5.5082e-03,5.1889e-03,4.4393e-05,1.2634e-04,2.5390e-03,2.3335e-01,1.4643e-02
2.1026e-05,8.0015e-01,1.0789e-05,1.2467e-04,5.3979e-04,1.6389e-05,2.1078e-04,7.9994e-04,1.9208e-01,6.0491e-03
1.9048e-05,7.4960e-01,4.3090e-05,4.7373e-04,3.8657e-03,1.2285e-05,5.7202e-05,1.4861e-03,2.3923e-01,5.2124e-03
1.0703e-04,7.5376e-01,8.0761e-05,1.0134e-02,7.4509e-05,9.1968e-03,1.2584e-04,3.5520e-03,2.1633e-01,6.6374e-03
1.2040e-05,7.8268e-01,3.3638e-04,5.2438e-03,8.4844e-03,7.2573e-04,2.0183e-04,1.0269e-03,1.8360e-01,1.7692e-02
2.5505e-05,8.0335e-01,8.2944e-05,1.4266e-02,2.7904e-04,8.8523e-04,4.8677e-04,1.8752e-03,1.6840e-01,1.0357e-02
1.5042e-06,7.3964e-01,4.3716e-04,1.3342e-02,3.9985e-05,1.4480e-04,3.4093e-04,5.7236e-03,2.3949e-01,8.4266e-04
1.5426e-05,7.9349e-01,3.3936e-04,5.8296e-04,1.5267e-02,1.4232e-03,2.0962e-04,5.2164e-03,1.7427e-01,9.1885e-03
1.0118e-05,7.9466e-01,9.7552e-04,5.7353e-04,5.9488e-03,3.2124e-04,9.7563e-04,5.7909e-03,1.8552e-01,5.2298e-03
9.2499e-06,7.9236e-01,1.1824e-04,3.7123e-03,5.9148e-04,5.1501e-05,7.3995e-05,3.8680e-03,1.8030e-01,1.8918e-02
3.3722e-05,7.8959e-01,3.6964e-03,5.2831e-03,7.4049e-04,3.4515e-03,5.4991e-04,9.8803e-03,1.7686e-01,9.9147e-03
7.2241e-06,7.6656e-01,2.7143e-05,5.2577e-03,1.0203e-02,1.5073e-03,9.7743e-05,1.4949e-03,2.0388e-01,1.0965e-02
2.9877e-05,7.4730e-01,3.4253e-04,1.6830e-02,9.9879e-05,3.0726e-03,3.7919e-03,1.7569e-03,2.2386e-01,2.9133e-03
5.8522e-05,7.6641e-01,2.2077e-03,6.5258e-04,7.3745e-04,9.9427e-04,2.2478e-04,5.0009e-03,2.2064e-01,3.0733e-03
1.4321e-05,7.9764e-01,6.9266e-04,6.0338e-03,5.7260e-04,4.4092e-05,5.6365e-05,6.7347e-03,1.8494e-01,3.2757e-03
6.9097e-06,7.8511e-01,3.5599e-03,1.4017e-02,5.5615e-03,2.3354e-05,1.4653e-04,3.8221e-03,1.8305e-01,4.7088e-03
2.5090e-05,8.2949e-01,2.0187e-05,7.3629e-03,3.1022e-04,2.1720e-05,3.1534e-05,4.4780e-03,1.4350e-01,1.4759e-02
4.1058e-06,7.9807e-01,1.9936e-05,3.9686e-05,1.2958e-03,1.9253e-05,1.8573e-05,5.4034e-04,1.8192e-01,1.8070e-02
1.0790e-05,8.2038e-01,2.6501e-05,1.3122e-02,9.2448e-05,3.4100e-04,1.6597e-05,6.9368e-04,1.6518e-01,1.4429e-04
8.8693e-06,8.0277e-01,1.9408e-03,6.0613e-03,1.0704e-04,1.1337e-04,1.9300e-05,2.5578e-03,1.8629e-01,1.3186e-04
2.7980e-06,8.0816e-01,1.3488e-04,9.5275e-03,3.1388e-04,4.3361e-04,1.4735e-04,4.9853e-03,1.6161e-01,1.4680e-02
