8.0772e-08,7.2038e-07,7.2956e-08,3.4146e-05,1.3978e-08,1.0358e-09,6.7132e-06,7.6654e-09,9.9996e-01,3.8459e-08
1.1990e-02,1.3757e-03,1.4938e-02,8.9951e-02,3.6745e-02,2.1987e-04,8.3088e-01,4.9342e-05,1.2942e-02,9.0545e-04
3.3243e-02,2.4283e-04,1.0193e-02,4.7994e-01,5.3881e-02,6.9202e-05,4.0766e-01,1.5569e-04,1.4267e-02,3.3922e-04
4.3872e-02,3.0661e-01,3.5397e-02,2.0006e-01,1.0520e-01,1.0573e-04,3.0553e-01,3.0463e-04,2.2683e-03,6.6649e-04
1.7111e-02,3.2956e-01,1.0785e-01,2.7291e-01,1.9161e-01,5.4086e-06,8.0908e-02,4.1864e-06,3.2774e-05,1.1335e-05
5.3421e-03,4.4384e-01,4.4870e-02,1.9059e-01,2.0467e-01,1.2159e-05,1.1046e-01,9.2031e-06,1.5959e-04,5.3498e-05
8.3949e-03,4.2067e-01,8.3490e-02,1.9249e-01,1.3962e-01,3.9332e-05,1.5412e-01,1.1718e-05,9.1988e-04,2.5361e-04
2.1052e-02,4.8113e-01,4.9519e-02,1.7611e-01,1.5265e-01,6.6533e-06,1.1914e-01,8.3641e-06,2.9676e-04,9.9326e-05
1.0287e-02,3.6986e-01,1.0282e-01,2.2417e-01,1.2644e-01,3.7144e-05,1.6167e-01,4.3676e-06,4.6612e-03,3.6176e-05
4.9925e-02,4.3929e-01,6.3511e-02,1.4256e-01,1.0348e-01,7.7780e-05,1.7204e-01,2.2243e-05,2.8914e-02,1.7999e-04
2.5990e-02,3.3053e-01,9.2788e-02,3.8377e-01,8.0205e-02,8.4908e-05,7.9563e-02,4.5215e-05,6.7647e-03,2.5742e-04
3.6204e-02,4.1284e-01,7.6152e-02,2.3474e-01,4.7731e-02,1.0536e-03,1.7497e-01,1.5967e-05,1.6231e-02,6.5230e-05
3.3060e-02,2.9891e-01,1.1884e-01,2.1822e-01,1.6062e-01,8.0354e-05,1.5754e-01,8.8727e-05,1.2170e-02,4.6236e-04
2.7667e-02,3.2516e-01,8.0138e-02,2.2088e-01,3.1792e-02,3.2467e-05,3.1288e-01,1.0303e-05,1.4086e-03,3.8736e-05
5.0223e-02,3.3285e-01,6.5685e-02,2.7084e-01,6.9197e-02,6.4368e-05,2.0732e-01,4.5644e-05,3.6105e-03,1.6627e-04
6.2200e-02,2.9725e-01,6.6456e-02,2.4219e-01,9.5644e-02,1.2014e-04,2.1847e-01,3.5795e-05,1.7488e-02,1.4751e-04
2.2156e-02,3.4488e-01,3.8596e-02,2.4942e-01,1.5122e-01,1.3331e-04,1.9185e-01,6.1875e-05,1.5096e-03,1.8173e-04
4.2341e-02,3.4287e-01,8.8775e-02,2.1673e-01,8.6803e-02,7.3014e-05,2.0827e-01,2.9737e-05,1.3928e-02,1.8138e-04
8.1361e-02,2.8813e-01,9.8806e-02,2.1280e-01,1.0233e-01,7.3527e-05,2.0312e-01,1.5054e-03,1.1747e-02,1.4142e-04
7.6109e-02,2.3082e-01,8.4708e-02,2.3415e-01,1.5357e-01,7.5614e-05,2.1642e-01,4.2492e-05,3.9447e-03,1.6012e-04
3.2696e-02,2.0458e-01,1.1328e-01,2.4998e-01,9.2963e-02,2.2790e-05,2.9485e-01,6.5465e-06,1.1564e-02,5.9068e-05
4.4056e-02,2.5768e-01,9.6212e-02,2.2999e-01,1.0529e-01,2.2798e-05,2.6095e-01,1.8826e-05,5.6764e-03,9.9384e-05
4.6614e-02,2.2106e-01,9.9127e-02,2.6314e-01,4.1394e-02,3.5435e-05,3.2241e-01,7.0725e-06,6.0957e-03,1.1523e-04
7.3551e-02,1.6397e-01,7.7217e-02,2.6679e-01,9.6515e-02,2.9269e-05,3.1547e-01,1.5816e-05,6.4180e-03,2.8503e-05
7.0663e-02,2.0237e-01,9.0396e-02,2.1148e-01,6.9825e-02,2.5044e-05,3.5271e-01,1.2140e-05,2.3883e-03,1.1935e-04
1.0478e-01,1.7980e-01,1.0502e-01,3.0546e-01,1.3971e-01,5.3635e-05,1.5548e-01,2.4318e-05,9.4474e-03,2.1022e-04
8.5532e-02,2.2165e-01,8.6335e-02,2.0647e-01,1.7582e-01,1.5779e-05,1.9964e-01,2.2296e-05,2.4412e-02,1.1422e-04
7.1258e-02,2.2638e-01,1.1290e-01,1.9412e-01,1.2082e-01,1.8170e-05,2.5488e-01,2.5009e-05,1.9501e-02,1.0784e-04
8.5083e-02,1.9773e-01,1.8320e-01,1.7408e-01,1.2899e-01,1.0130e-04,2.2618e-01,1.9845e-05,4.4566e-03,1.6438e-04
1.0842e-01,2.5524e-01,1.0665e-01,1.5350e-01,2.0155e-01,1.0014e-05,1.7170e-01,3.1495e-05,2.7594e-03,1.4246e-04
1.0596e-01,2.4877e-01,1.0804e-01,1.9171e-01,1.9162e-01,1.0698e-04,1.4673e-01,6.3066e-06,6.9664e-03,8.2371e-05
1.1723e-01,2.4577e-01,1.1776e-01,1.7756e-01,8.9848e-02,2.4438e-05,2.3754e-01,7.9859e-06,1.4134e-02,1.3832e-04
8.7941e-02,1.9928e-01,1.0877e-01,2.8848e-01,8.3618e-02,3.4447e-05,2.2589e-01,1.2769e-05,5.9471e-03,2.9683e-05
1.6366e-01,1.6596e-01,1.1157e-01,2.0258e-01,1.3093e-01,3.2831e-04,2.0013e-01,9.1109e-06,2.4808e-02,3.1276e-05
1.2385e-01,1.9625e-01,1.1532e-01,2.0051e-01,1.0977e-01,4.6718e-05,1.9980e-01,8.4956e-06,5.4247e-02,2.0172e-04
1.0207e-01,1.9891e-01,1.3519e-01,2.1406e-01,1.2955e-01,1.2926e-03,1.7315e-01,1.1669e-05,4.5126e-02,6.4023e-04
1.1803e-01,1.9459e-01,7.2724e-02,2.2362e-01,1.6382e-01,5.6672e-04,2.0192e-01,5.7244e-05,2.4236e-02,4.4044e-04
1.0473e-01,1.8726e-01,1.4776e-01,1.7923e-01,1.1835e-01,1.3400e-04,2.2696e-01,6.2555e-06,3.5511e-02,6.8995e-05
1.0383e-01,1.6949e-01,6.5331e-02,1.8906e-01,7.7558e-02,1.6427e-02,3.2138e-01,2.8316e-05,5.6558e-02,3.3615e-04
8.0045e-02,1.9223e-01,1.6066e-01,2.4158e-01,9.5225e-02,6.1347e-03,1.7241e-01,2.7652e-05,5.1266e-02,4.1094e-04
7.7739e-02,2.0074e-01,8.4940e-02,2.1345e-01,9.2667e-02,3.0656e-02,2.6994e-01,6.6841e-04,2.8908e-02,2.9052e-04
1.1281e-01,1.3497e-01,7.7191e-02,2.2240e-01,1.6101e-01,1.5946e-02,2.2325e-01,3.8606e-05,5.0777e-02,1.6059e-03
7.6723e-02,1.5061e-01,1.2749e-01,2.7858e-01,8.6475e-02,2.0371e-02,1.9293e-01,7.2323e-06,6.6773e-02,3.6822e-05
9.4365e-02,1.8179e-01,6.5619e-02,2.1042e-01,1.1399e-01,2.5263e-02,2.3745e-01,2.9261e-04,6.9738e-02,1.0615e-03
7.6429e-02,1.8078e-01,5.8616e-02,2.3641e-01,1.1992e-01,5.4464e-03,2.7623e-01,4.2123e-03,4.1800e-02,1.5697e-04
9.3292e-02,1.5915e-01,1.4071e-01,2.2791e-01,9.2904e-02,7.5931e-03,2.2924e-01,1.4253e-05,4.9138e-02,3.7979e-05
9.3223e-02,2.0403e-01,1.1030e-01,2.0128e-01,1.0090e-01,6.3012e-03,2.6192e-01,1.2643e-03,2.0727e-02,5.5247e-05
6.9155e-02,7.9895e-02,9.5102e-02,1.9720e-01,5.7781e-02,1.4415e-02,4.2065e-01,1.3661e-03,6.4341e-02,1.0355e-04
1.1062e-01,9.7031e-02,8.8574e-02,2.7654e-01,1.1395e-01,1.0402e-02,2.6436e-01,1.6930e-04,3.8242e-02,1.0636e-04
1.0113e-01,1.6025e-01,1.0843e-01,1.8910e-01,1.4119e-01,5.2799e-03,2.4599e-01,5.7483e-04,4.7842e-02,2.0118e-04
9.6462e-02,1.5548e-01,1.2866e-01,2.3450e-01,1.0602e-01,5.3485e-03,2.5088e-01,3.1017e-05,2.2495e-02,1.1269e-04
8.8269e-02,1.6138e-01,8.4577e-02,2.0991e-01,7.9494e-02,1.5751e-03,2.8338e-01,4.9909e-05,9.1106e-02,2.6034e-04
9.2885e-02,1.8717e-01,7.2152e-02,2.4230e-01,1.1101e-01,5.6272e-03,2.4538e-01,5.8319e-05,4.3404e-02,1.1237e-05
6.1399e-02,2.0095e-01,1.0997e-01,2.3330e-01,7.9734e-02,4.9620e-03,2.5747e-01,1.0614e-04,5.1796e-02,3.0343e-04
1.1144e-01,1.7926e-01,9.5509e-02,1.9385e-01,1.1448e-01,1.6114e-04,2.6097e-01,2.0087e-05,4.4276e-02,3.3161e-05
8.1107e-02,1.7050e-01,9.6000e-02,2.4698e-01,9.9167e-02,1.3270e-04,2.4329e-01,3.6117e-04,6.2287e-02,1.8478e-04
8.1235e-02,1.5882e-01,1.3191e-01,2.3808e-01,7.8689e-02,7.8964e-05,2.7903e-01,1.0252e-04,3.1829e-02,2.3600e-04
9.9222e-02,1.3877e-01,7.0504e-02,2.6348e-01,9.9160e-02,2.4359e-05,2.9487e-01,3.2210e-04,3.3561e-02,8.0273e-05
1.1141e-01,1.5965e-01,1.1315e-01,2.2454e-01,1.0839e-01,6.6333e-04,2.4845e-01,2.2706e-05,3.3697e-02,2.9126e-05
1.0505e-01,1.5397e-01,1.1083e-01,2.5672e-01,6.5520e-02,5.8724e-03,2.4256e-01,2.4495e-05,5.9395e-02,6.0234e-05
1.2181e-01,1.2840e-01,9.3291e-02,2.2168e-01,8.5594e-02,1.7867e-03,2.7347e-01,1.5132e-05,7.3890e-02,6.3285e-05
9.5296e-02,1.1469e-01,1.3116e-01,2.3927e-01,9.6131e-02,4.2706e-03,2.6212e-01,1.0182e-05,5.7011e-02,3.5930e-05
1.1161e-01,1.5435e-01,1.0944e-01,1.9357e-01,1.3203e-01,2.4137e-03,2.4072e-01,2.6648e-05,5.5792e-02,4.3301e-05
1.0783e-01,1.5600e-01,1.2780e-01,1.7850e-01,1.1228e-01,1.2024e-02,2.5459e-01,1.6474e-03,4.9320e-02,1.3571e-05
7.5074e-02,1.6440e-01,1.0268e-01,2.2732e-01,1.4504e-01,9.9400e-04,2.1276e-01,1.9389e-05,7.1663e-02,5.0267e-05
7.0000e-02,1.2633e-01,1.2507e-01,2.0686e-01,1.6092e-01,8.0295e-05,2.5716e-01,5.8676e-06,5.3437e-02,1.4970e-04
8.8052e-02,1.9192e-01,1.3355e-01,1.9399e-01,1.2001e-01,1.0033e-02,2.0065e-01,5.7751e-05,6.1564e-02,1.6935e-04
8.4202e-02,1.6045e-01,1.1571e-01,1.9155e-01,1.7718e-01,3.9182e-03,2.0218e-01,1.4102e-04,6.4439e-02,2.3219e-04
6.9391e-02,9.4896e-02,1.1110e-01,1.7391e-01,1.5458e-01,4.3899e-05,3.5304e-01,5.9230e-05,4.2805e-02,1.7625e-04
1.2428e-01,1.5050e-01,1.2627e-01,2.1179e-01,1.1216e-01,2.1879e-02,2.3168e-01,1.7584e-04,2.1213e-02,5.1994e-05
1.3025e-01,1.3920e-01,1.3792e-01,2.5122e-01,6.8038e-02,7.5950e-03,2.1826e-01,7.6024e-05,4.7367e-02,7.6998e-05
1.0072e-01,2.0064e-01,1.0259e-01,2.0303e-01,1.2625e-01,4.7995e-03,2.2030e-01,6.4280e-05,4.1471e-02,1.3868e-04
1.1197e-01,1.5011e-01,1.0767e-01,1.9408e-01,1.1638e-01,4.7586e-03,2.5000e-01,4.8875e-05,6.4874e-02,1.1116e-04
1.0838e-01,1.4583e-01,1.0787e-01,1.6440e-01,1.4327e-01,6.7627e-05,2.5438e-01,7.1471e-05,7.5510e-02,2.1681e-04
1.1803e-01,2.1614e-01,1.1649e-01,1.0754e-01,9.9772e-02,1.1299e-04,2.8606e-01,3.1901e-05,5.5729e-02,1.0251e-04
9.5119e-02,1.2823e-01,2.1163e-01,2.0744e-01,1.2133e-01,9.8106e-04,2.0683e-01,5.2647e-05,2.8244e-02,1.4326e-04
1.1735e-01,1.4575e-01,1.0430e-01,1.6775e-01,1.2660e-01,2.6772e-05,2.4407e-01,7.5582e-05,9.3879e-02,1.9922e-04
1.0248e-01,1.4455e-01,1.6117e-01,2.1299e-01,9.2601e-02,4.5223e-05,2.2284e-01,4.7493e-05,6.3059e-02,2.2335e-04
8.6250e-02,1.3690e-01,7.7460e-02,2.1819e-01,9.3699e-02,8.0891e-03,3.2051e-01,6.6343e-06,5.8789e-02,1.0478e-04
1.0587e-01,1.5402e-01,1.0323e-01,2.3450e-01,1.2764e-01,5.0659e-03,1.7991e-01,4.1877e-04,8.9059e-02,2.9627e-04
1.2460e-01,1.5130e-01,8.9297e-02,2.0627e-01,1.1466e-01,3.1471e-03,2.5738e-01,1.7348e-04,5.3122e-02,5.1043e-05
9.2849e-02,1.7113e-01,7.4279e-02,2.3373e-01,1.3675e-01,3.7691e-04,2.4944e-01,1.6546e-04,4.0465e-02,8.1801e-04
1.1349e-01,1.2441e-01,1.2241e-01,1.6772e-01,1.1078e-01,4.9880e-03,2.6302e-01,2.7348e-04,9.2456e-02,4.4076e-04
1.0981e-01,1.3188e-01,1.2099e-01,2.2869e-01,1.7263e-01,4.4324e-03,1.8335e-01,2.0473e-04,4.7585e-02,4.3085e-04
1.5333e-01,1.7058e-01,5.0071e-02,1.7185e-01,9.7011e-02,6.9909e-03,3.1188e-01,1.8620e-04,3.7886e-02,2.2165e-04
1.4884e-01,1.1791e-01,9.9105e-02,1.6734e-01,1.2266e-01,2.9450e-03,2.8909e-01,8.4630e-05,5.1852e-02,1.8221e-04
8.8594e-02,1.5328e-01,7.3395e-02,2.0505e-01,8.5099e-02,8.5742e-03,3.2069e-01,4.1458e-04,6.2978e-02,1.9294e-03
1.0335e-01,1.6616e-01,1.3760e-01,2.2643e-01,1.3246e-01,1.5242e-04,1.6963e-01,2.1818e-04,6.3479e-02,5.2372e-04
8.6727e-02,1.7069e-01,9.4729e-02,2.3341e-01,8.4023e-02,2.2396e-04,2.9435e-01,7.9060e-05,3.1861e-02,3.9055e-03
1.0452e-01,1.6861e-01,1.4853e-01,1.7855e-01,1.0827e-01,3.4522e-03,2.3743e-01,3.4494e-05,5.0497e-02,1.0757e-04
1.2043e-01,1.3697e-01,1.3772e-01,2.0252e-01,1.1834e-01,2.0743e-04,2.2667e-01,2.1656e-05,5.6948e-02,1.7098e-04
1.1976e-01,9.2285e-02,1.3554e-01,2.7534e-01,9.7720e-02,5.2872e-05,2.1494e-01,1.2448e-04,6.3579e-02,6.5846e-04
1.5624e-01,1.7352e-01,1.1290e-01,1.9209e-01,8.1377e-02,2.4309e-05,2.2302e-01,4.7633e-05,6.0552e-02,2.2202e-04
1.2372e-01,1.5867e-01,1.2213e-01,2.0472e-01,1.3312e-01,1.6165e-03,2.0782e-01,3.8382e-04,4.7495e-02,3.1749e-04
1.0103e-01,1.2225e-01,1.4068e-01,1.9413e-01,1.3173e-01,1.1450e-05,2.5580e-01,5.8513e-05,5.4238e-02,5.7200e-05
1.1824e-01,1.7078e-01,1.6034e-01,1.9968e-01,6.5457e-02,3.2626e-05,2.2374e-01,1.2923e-04,6.1271e-02,3.3555e-04
9.3470e-02,1.8988e-01,9.4766e-02,2.1235e-01,7.3871e-02,3.6253e-05,2.5463e-01,1.3883e-04,8.0711e-02,1.4795e-04
1.0526e-01,1.9764e-01,1.1347e-01,2.0689e-01,6.2942e-02,7.1524e-04,2.5181e-01,1.7578e-04,6.0686e-02,4.1425e-04
1.1663e-01,1.5797e-01,9.3109e-02,1.7523e-01,8.9240e-02,1.0185e-03,3.0557e-01,2.1470e-04,6.0881e-02,1.4389e-04
1.1642e-01,1.5003e-01,1.0527e-01,1.7757e-01,9.2056e-02,9.6101e-03,3.0008e-01,2.7713e-05,4.8894e-02,4.1893e-05
9.8226e-02,2.0025e-01,8.9825e-02,1.9943e-01,9.5414e-02,6.3467e-03,2.6224e-01,7.8419e-06,4.7911e-02,3.6123e-04
1.0677e-01,1.7223e-01,1.3145e-01,1.9919e-01,1.1361e-01,7.1787e-05,2.2161e-01,1.3615e-04,5.4710e-02,2.2614e-04
1.1455e-01,1.8844e-01,1.4075e-01,1.8586e-01,1.0803e-01,1.9704e-04,2.1604e-01,9.1870e-05,4.5941e-02,9.2665e-05
8.2607e-02,1.0071e-01,1.1652e-01,2.7006e-01,1.1747e-01,3.7868e-03,2.4883e-01,5.6427e-05,5.9764e-02,1.8933e-04
1.0488e-01,1.1170e-01,1.5380e-01,2.2061e-01,8.6629e-02,3.4371e-04,2.4807e-01,2.4751e-04,7.2833e-02,8.7603e-04
1.7134e-01,7.9919e-02,1.6602e-01,2.0037e-01,1.2639e-01,7.0573e-05,2.0446e-01,2.3317e-04,5.0699e-02,4.8736e-04
1.0008e-01,1.5291e-01,1.2747e-01,1.9903e-01,1.1112e-01,6.2194e-04,2.3378e-01,1.6813e-05,7.4810e-02,1.6883e-04
9.3725e-02,1.7539e-01,1.6215e-01,2.1017e-01,1.0134e-01,2.5939e-05,2.2653e-01,7.4277e-05,3.0399e-02,1.9278e-04
1.1444e-01,1.2465e-01,1.2329e-01,2.1291e-01,9.6181e-02,1.6148e-05,2.6240e-01,1.6762e-04,6.5599e-02,3.4653e-04
8.9484e-02,1.0112e-01,1.3762e-01,2.5843e-01,1.0617e-01,1.0275e-03,2.3107e-01,1.5035e-04,7.3547e-02,1.3821e-03
1.2563e-01,9.5916e-02,1.5214e-01,2.0782e-01,1.2403e-01,1.2630e-04,2.0815e-01,1.9982e-04,8.5172e-02,8.2246e-04
1.1218e-01,1.7014e-01,1.1930e-01,2.0416e-01,1.1409e-01,5.0574e-05,2.1754e-01,5.0168e-05,6.2119e-02,3.7421e-04
1.0558e-01,1.1721e-01,1.0815e-01,2.3458e-01,1.1739e-01,3.7111e-04,2.4773e-01,5.8648e-05,6.8291e-02,6.5824e-04
1.2232e-01,1.4279e-01,2.0966e-01,1.4960e-01,1.3168e-01,3.4924e-05,1.7265e-01,3.0417e-04,6.9986e-02,9.7129e-04
7.7323e-02,1.6107e-01,1.1790e-01,2.2424e-01,8.6128e-02,2.8708e-05,2.6079e-01,1.0161e-04,7.1413e-02,1.0086e-03
1.3984e-01,1.7745e-01,1.2200e-01,1.7021e-01,1.0617e-01,7.5529e-06,2.2972e-01,1.4503e-05,5.4474e-02,1.2098e-04
1.0810e-01,2.1529e-01,1.0114e-01,2.3910e-01,5.8691e-02,1.0256e-05,2.1564e-01,1.2357e-05,6.1819e-02,2.0054e-04
9.6972e-02,1.1925e-01,8.2783e-02,2.8427e-01,9.7088e-02,2.0281e-05,2.8748e-01,1.2262e-05,3.2008e-02,1.1955e-04
9.9808e-02,1.5289e-01,1.2530e-01,1.8873e-01,5.9527e-02,2.0626e-04,3.0274e-01,3.1060e-06,7.0773e-02,2.0995e-05
7.4797e-02,1.6010e-01,1.3863e-01,2.5827e-01,9.2896e-02,4.4354e-05,2.3573e-01,3.8691e-05,3.9325e-02,1.7152e-04
1.1334e-01,8.9210e-02,1.2200e-01,2.8075e-01,1.1385e-01,2.3424e-05,2.0987e-01,2.3780e-05,7.0766e-02,1.7400e-04
8.2685e-02,1.3299e-01,7.2776e-02,2.2940e-01,6.0704e-02,8.6637e-05,3.5247e-01,2.9840e-05,6.8518e-02,3.2774e-04
1.0001e-01,1.0573e-01,1.5864e-01,1.8276e-01,1.1783e-01,4.1421e-05,2.7516e-01,5.4253e-05,5.9219e-02,5.4751e-04
1.0585e-01,1.0631e-01,8.5694e-02,2.7607e-01,8.0421e-02,7.3563e-06,2.7952e-01,1.6087e-05,6.6007e-02,1.0155e-04
1.1908e-01,1.4128e-01,9.2720e-02,1.8007e-01,9.9841e-02,2.0265e-05,3.0932e-01,3.4668e-05,5.7308e-02,3.2034e-04
9.1987e-02,1.2246e-01,1.3848e-01,2.1619e-01,1.2889e-01,3.7110e-04,2.5867e-01,1.6774e-04,4.2322e-02,4.5655e-04
1.1305e-01,1.3331e-01,7.9329e-02,2.9166e-01,8.7211e-02,2.1698e-04,2.6125e-01,1.6799e-05,3.3916e-02,4.3448e-05
1.0299e-01,1.0251e-01,6.6207e-02,2.7644e-01,1.6170e-01,2.6286e-03,2.3768e-01,1.2019e-04,4.9476e-02,2.5062e-04
9.8596e-02,1.2487e-01,9.4109e-02,2.5988e-01,1.1578e-01,1.9079e-05,2.3807e-01,1.0737e-04,6.8341e-02,2.3094e-04
9.7045e-02,1.3147e-01,1.5769e-01,1.1189e-01,1.2001e-01,5.2808e-05,2.9273e-01,1.5975e-04,8.8350e-02,5.9767e-04
1.5170e-01,9.8588e-02,6.9037e-02,1.4070e-01,9.1753e-02,2.9970e-04,3.7497e-01,4.4363e-05,7.2718e-02,1.8256e-04
1.0485e-01,1.0139e-01,9.7419e-02,2.2167e-01,1.2670e-01,1.9808e-05,2.9172e-01,5.8937e-05,5.5964e-02,2.0698e-04
1.0091e-01,1.6155e-01,1.0611e-01,1.4648e-01,1.2218e-01,3.2611e-05,3.2744e-01,5.9750e-05,3.4957e-02,2.8386e-04
1.2019e-01,1.0916e-01,1.2172e-01,2.1502e-01,8.3599e-02,5.0878e-05,3.0989e-01,3.5812e-05,4.0096e-02,2.4537e-04
1.4003e-01,1.5845e-01,9.5523e-02,2.1493e-01,8.5706e-02,1.5163e-05,2.5968e-01,6.9827e-06,4.5627e-02,2.7996e-05
1.1058e-01,1.7483e-01,9.9379e-02,2.1892e-01,8.1105e-02,2.2809e-05,2.7722e-01,5.0516e-05,3.7430e-02,4.6715e-04
9.8625e-02,1.0800e-01,1.2484e-01,2.2719e-01,6.5271e-02,2.8570e-05,2.7666e-01,1.6243e-04,9.8719e-02,5.0233e-04
1.0175e-01,1.4657e-01,6.0209e-02,2.0613e-01,8.8366e-02,2.0696e-05,3.5873e-01,4.0889e-05,3.8060e-02,1.1617e-04
1.0834e-01,1.3489e-01,1.3629e-01,1.9853e-01,9.6361e-02,2.9255e-05,2.7974e-01,2.8790e-05,4.5524e-02,2.7021e-04
1.1737e-01,9.4798e-02,1.0362e-01,2.0550e-01,1.2312e-01,8.3429e-05,3.1530e-01,8.6528e-05,3.5122e-02,5.0021e-03
1.3843e-01,1.4209e-01,1.0706e-01,1.5652e-01,1.0584e-01,3.3150e-04,2.8684e-01,2.2553e-05,6.2692e-02,1.7126e-04
7.8399e-02,1.4686e-01,4.8125e-02,2.0104e-01,1.0469e-01,1.5825e-04,3.5047e-01,1.9343e-05,7.0171e-02,6.0388e-05
1.0192e-01,1.2601e-01,1.0674e-01,2.1210e-01,9.7103e-02,4.5181e-05,2.8746e-01,7.1094e-05,6.8291e-02,2.6536e-04
1.0157e-01,1.4948e-01,1.0524e-01,2.3283e-01,8.0920e-02,1.8946e-05,2.9874e-01,2.3894e-05,3.1029e-02,1.6142e-04
1.3736e-01,1.1421e-01,1.0574e-01,1.7291e-01,7.8646e-02,6.7656e-05,3.1479e-01,6.7765e-05,7.6060e-02,1.5017e-04
9.7004e-02,1.0273e-01,1.9591e-01,1.8553e-01,1.0931e-01,2.6908e-05,2.4484e-01,1.3833e-05,6.4536e-02,1.1141e-04
1.1605e-01,1.1641e-01,1.5019e-01,2.0806e-01,6.7346e-02,3.0754e-05,2.9257e-01,4.7644e-05,4.9128e-02,1.7646e-04
9.2291e-02,1.1384e-01,1.1944e-01,2.2065e-01,1.0987e-01,4.3306e-04,2.7069e-01,4.0039e-05,7.2588e-02,1.6762e-04
1.2222e-01,1.3857e-01,1.2540e-01,1.7759e-01,1.1179e-01,3.2857e-04,2.5826e-01,6.8381e-05,6.5598e-02,1.6995e-04
1.0944e-01,1.3603e-01,1.4314e-01,2.3942e-01,1.0529e-01,9.9655e-05,2.1768e-01,4.1071e-05,4.8731e-02,1.2859e-04
1.0783e-01,1.1641e-01,8.9142e-02,2.1113e-01,1.0286e-01,3.6953e-05,2.9201e-01,4.9761e-05,7.8578e-02,1.9514e-03
1.0974e-01,1.2215e-01,1.5172e-01,2.5656e-01,7.4232e-02,1.4747e-05,2.3584e-01,1.4989e-05,4.9481e-02,2.4445e-04
1.2680e-01,1.5918e-01,1.1583e-01,2.0818e-01,8.0560e-02,3.4324e-05,2.4042e-01,3.4122e-05,6.8850e-02,1.1062e-04
1.3083e-01,1.1918e-01,1.4497e-01,2.3176e-01,6.3693e-02,6.8548e-05,2.4388e-01,2.2231e-05,6.1977e-02,3.6126e-03
1.1505e-01,1.4879e-01,1.0737e-01,2.2249e-01,8.5310e-02,3.1051e-05,2.6597e-01,3.0572e-05,5.4842e-02,1.2117e-04
1.2050e-01,1.0277e-01,1.2439e-01,1.9123e-01,9.9453e-02,2.8665e-05,3.0084e-01,2.8016e-05,6.0706e-02,4.6994e-05
1.3533e-01,1.3566e-01,8.7543e-02,2.1150e-01,1.0737e-01,5.1300e-03,2.5121e-01,2.1447e-05,6.6145e-02,1.0173e-04
9.8830e-02,8.4560e-02,1.0770e-01,2.1355e-01,1.4655e-01,2.7738e-05,3.0346e-01,4.6037e-05,4.4941e-02,3.3145e-04
1.1731e-01,1.0374e-01,1.6537e-01,2.6575e-01,7.1432e-02,7.7785e-04,2.1860e-01,2.4303e-04,5.6125e-02,6.4918e-04
1.3442e-01,1.3143e-01,1.4465e-01,1.8323e-01,7.3342e-02,1.6092e-04,3.0233e-01,2.3690e-05,3.0302e-02,1.1525e-04
1.3240e-01,1.2361e-01,1.6479e-01,2.0079e-01,1.1522e-01,7.8402e-04,2.0670e-01,2.0972e-05,5.5608e-02,7.8180e-05
1.6069e-01,1.4715e-01,1.4947e-01,2.2877e-01,4.5541e-02,4.0306e-04,1.6931e-01,2.1245e-05,9.8588e-02,5.8639e-05
1.0106e-01,1.8076e-01,1.2255e-01,1.7347e-01,1.1773e-01,5.1719e-03,2.2311e-01,1.0877e-05,7.6076e-02,4.8190e-05
1.5834e-01,1.0334e-01,1.4157e-01,2.0886e-01,9.9106e-02,2.4591e-03,2.3138e-01,3.5922e-05,5.4108e-02,8.0303e-04
1.4184e-01,1.0861e-01,1.4098e-01,2.4488e-01,9.8598e-02,1.1771e-03,1.7981e-01,2.5545e-05,8.3971e-02,1.1027e-04
1.3974e-01,7.6513e-02,1.6028e-01,2.1424e-01,9.1783e-02,5.2468e-04,2.3425e-01,1.3015e-05,8.2579e-02,8.7737e-05
1.4552e-01,1.1187e-01,1.1218e-01,2.1140e-01,1.0097e-01,8.3612e-03,2.6816e-01,1.3225e-04,4.1100e-02,3.1820e-04
1.4355e-01,1.0553e-01,1.4427e-01,2.2969e-01,9.4242e-02,1.0037e-02,2.0322e-01,8.8585e-05,6.4749e-02,4.6204e-03
1.4119e-01,8.6813e-02,1.4842e-01,2.4320e-01,1.0512e-01,3.0044e-04,2.2787e-01,4.4770e-05,4.6859e-02,1.8023e-04
1.1368e-01,1.4713e-01,1.4972e-01,1.7163e-01,1.1635e-01,1.6189e-04,2.2040e-01,1.3255e-04,7.8185e-02,2.6176e-03
7.5759e-02,1.5261e-01,9.8459e-02,2.0169e-01,8.2632e-02,5.0576e-03,3.0706e-01,4.8126e-05,7.6210e-02,4.7779e-04
9.6890e-02,1.6984e-01,1.4878e-01,1.5344e-01,8.9498e-02,2.3698e-03,2.6512e-01,9.6111e-04,7.2300e-02,8.0405e-04
1.0936e-01,1.1999e-01,8.3576e-02,1.8208e-01,1.5516e-01,1.1895e-04,2.5774e-01,1.6389e-04,9.0701e-02,1.1275e-03
1.4774e-01,1.2929e-01,1.1978e-01,1.6803e-01,1.5282e-01,2.1309e-04,2.1921e-01,7.9234e-05,6.2686e-02,1.4712e-04
1.0394e-01,1.0460e-01,1.1794e-01,1.9344e-01,1.2702e-01,2.2372e-05,2.8991e-01,4.9667e-05,6.2867e-02,2.1017e-04
1.1229e-01,1.3769e-01,1.5440e-01,1.9058e-01,7.4523e-02,4.6362e-03,2.7450e-01,5.7122e-05,5.1197e-02,1.2709e-04
1.1397e-01,1.3836e-01,1.3890e-01,1.6615e-01,7.6391e-02,8.8900e-04,2.9521e-01,5.2375e-05,6.9554e-02,5.2592e-04
1.0676e-01,1.2763e-01,1.2791e-01,2.5335e-01,6.9679e-02,1.1341e-03,2.6006e-01,1.2955e-04,5.2744e-02,5.9042e-04
1.1165e-01,1.1635e-01,7.4046e-02,2.4889e-01,8.0807e-02,2.8923e-05,2.7909e-01,3.1183e-05,8.8684e-02,4.2545e-04
7.7992e-02,1.0863e-01,1.3652e-01,2.2268e-01,7.5260e-02,1.0097e-04,3.2524e-01,4.5839e-05,5.2305e-02,1.2330e-03
8.1703e-02,1.0767e-01,1.0207e-01,2.4323e-01,1.3316e-01,5.2737e-03,2.7504e-01,3.1288e-05,5.1241e-02,5.8116e-04
1.1899e-01,1.0397e-01,1.3816e-01,1.9814e-01,1.2222e-01,1.2386e-04,2.3664e-01,4.2420e-05,8.1587e-02,1.3551e-04
1.0935e-01,1.1855e-01,1.2790e-01,2.2921e-01,8.9329e-02,7.3967e-05,2.6184e-01,5.4666e-05,6.0020e-02,3.6685e-03
1.1155e-01,1.0932e-01,1.0752e-01,2.0295e-01,1.0045e-01,2.0372e-04,2.7528e-01,1.5404e-05,9.2389e-02,3.1831e-04
9.3775e-02,1.0671e-01,1.6461e-01,2.2579e-01,1.1923e-01,2.8943e-05,2.3037e-01,2.0062e-05,5.9296e-02,1.7028e-04
1.3179e-01,1.4469e-01,1.3948e-01,1.7612e-01,6.5132e-02,9.6634e-06,3.0420e-01,3.5255e-05,3.8199e-02,3.4231e-04
1.2388e-01,1.5843e-01,1.8537e-01,1.5779e-01,1.1923e-01,1.1223e-04,1.9239e-01,8.0401e-05,6.2241e-02,4.7416e-04
8.9136e-02,1.4388e-01,1.3177e-01,1.9423e-01,1.3108e-01,1.6228e-04,2.1295e-01,2.4619e-04,9.5915e-02,6.3667e-04
1.1969e-01,1.2948e-01,1.3288e-01,1.9632e-01,9.7521e-02,4.8606e-03,2.3781e-01,1.3423e-04,8.0590e-02,7.2442e-04
8.9776e-02,1.4194e-01,1.4775e-01,2.3716e-01,9.1145e-02,4.9305e-04,2.3003e-01,1.0289e-04,6.1237e-02,3.6926e-04
8.7472e-02,1.3047e-01,1.3629e-01,2.3338e-01,1.0824e-01,1.3751e-04,2.0823e-01,3.1522e-04,8.9791e-02,5.6803e-03
1.4844e-01,1.2773e-01,1.3154e-01,1.8438e-01,1.3165e-01,3.4647e-05,1.9155e-01,7.3035e-05,8.4327e-02,2.7671e-04
8.9755e-02,1.2242e-01,1.6696e-01,1.9990e-01,8.6825e-02,1.5475e-05,2.6690e-01,7.4935e-05,6.6591e-02,5.4542e-04
1.3268e-01,1.7332e-01,1.0296e-01,1.3130e-01,1.3105e-01,3.5275e-05,2.4809e-01,6.6082e-05,7.9984e-02,5.1563e-04
6.7725e-02,1.5059e-01,9.8151e-02,2.0495e-01,1.4287e-01,6.4546e-05,2.7085e-01,9.8339e-05,6.4401e-02,3.0084e-04
1.2145e-01,1.5410e-01,7.6769e-02,1.9129e-01,9.8719e-02,4.3056e-05,2.8556e-01,1.1495e-04,7.1491e-02,4.6406e-04
7.2079e-02,1.4224e-01,1.0999e-01,2.0954e-01,1.1869e-01,5.8997e-04,3.1075e-01,2.6220e-05,3.2797e-02,3.2904e-03
9.8313e-02,1.2508e-01,1.2530e-01,1.8946e-01,8.7064e-02,5.2179e-04,3.2024e-01,6.0326e-05,5.3857e-02,1.0465e-04
9.3955e-02,1.1445e-01,1.4538e-01,2.0469e-01,1.3407e-01,8.3182e-05,2.5913e-01,8.1113e-05,4.7896e-02,2.7037e-04
1.1352e-01,1.5009e-01,8.3867e-02,1.7411e-01,1.1180e-01,2.2850e-05,3.1201e-01,3.4847e-05,4.9330e-02,5.2205e-03
1.0021e-01,1.4923e-01,1.2404e-01,1.5760e-01,1.0562e-01,4.0195e-05,3.1568e-01,1.5180e-05,4.7430e-02,1.2786e-04
1.2997e-01,1.3338e-01,1.5071e-01,1.6953e-01,1.0227e-01,4.8408e-03,2.3713e-01,1.8946e-05,7.1782e-02,3.6921e-04
1.3192e-01,1.2864e-01,1.3834e-01,1.5298e-01,1.2987e-01,4.7960e-03,2.3834e-01,8.0678e-05,7.4821e-02,2.1099e-04
1.0412e-01,1.6436e-01,1.1675e-01,1.3421e-01,1.2204e-01,7.8166e-05,3.0239e-01,1.1181e-04,5.5334e-02,5.9922e-04
1.0118e-01,1.2837e-01,1.2672e-01,2.3645e-01,1.1986e-01,2.4444e-05,2.2419e-01,4.9045e-05,6.2864e-02,2.9923e-04
8.8979e-02,1.0820e-01,1.2050e-01,2.1985e-01,1.3697e-01,6.5775e-05,2.4768e-01,5.8666e-05,7.7385e-02,3.1115e-04
9.3713e-02,1.1028e-01,1.4240e-01,1.9474e-01,1.2458e-01,4.6789e-03,2.6928e-01,7.5493e-05,5.9795e-02,4.5736e-04
1.1000e-01,9.9001e-02,1.5466e-01,2.0429e-01,1.3478e-01,3.0618e-05,2.2628e-01,8.3758e-05,7.0703e-02,1.6599e-04
9.3470e-02,1.0736e-01,1.2370e-01,2.2579e-01,1.3016e-01,2.7491e-03,2.5725e-01,9.1953e-05,5.3028e-02,6.3877e-03
8.4702e-02,9.7818e-02,1.7117e-01,1.7178e-01,1.4165e-01,2.8200e-04,2.2744e-01,8.3244e-05,1.0050e-01,4.5707e-03
7.3298e-02,1.0282e-01,1.4064e-01,2.1472e-01,1.0951e-01,1.1171e-04,2.6746e-01,2.5477e-05,9.1178e-02,2.2721e-04
1.1825e-01,1.6942e-01,1.2133e-01,1.3139e-01,1.0080e-01,1.8264e-05,2.8416e-01,2.9034e-05,7.3769e-02,8.3925e-04
9.9290e-02,1.4109e-01,9.4468e-02,1.9418e-01,9.3341e-02,3.2598e-05,3.3021e-01,6.8176e-06,4.7241e-02,1.4387e-04
1.1083e-01,1.3383e-01,1.1701e-01,1.9386e-01,1.3531e-01,3.6300e-05,2.6063e-01,6.7356e-06,4.8225e-02,2.7500e-04
1.3825e-01,1.1821e-01,1.0916e-01,2.0925e-01,1.0944e-01,1.4888e-04,2.6842e-01,1.8339e-05,4.6934e-02,1.6386e-04
1.2175e-01,1.1504e-01,1.4980e-01,1.8773e-01,1.0010e-01,1.7835e-03,2.5360e-01,3.4739e-05,7.0001e-02,1.7048e-04
1.0169e-01,1.5764e-01,1.4978e-01,1.8859e-01,1.1777e-01,9.9725e-05,2.2561e-01,1.0705e-05,5.8278e-02,5.3428e-04
7.1722e-02,1.0269e-01,1.4574e-01,1.6284e-01,1.2273e-01,4.0050e-03,3.1062e-01,1.3025e-05,7.9353e-02,2.8987e-04
1.2372e-01,1.2596e-01,1.5263e-01,1.4611e-01,1.1512e-01,6.1053e-03,2.5667e-01,2.2611e-05,7.3484e-02,1.7495e-04
9.3496e-02,1.1794e-01,1.0496e-01,1.8047e-01,1.6010e-01,7.9584e-03,2.4004e-01,2.2662e-04,9.4038e-02,7.7369e-04
1.0379e-01,1.5130e-01,1.3477e-01,2.0224e-01,1.2010e-01,1.7983e-03,2.4119e-01,1.6366e-04,4.4602e-02,4.6393e-05
9.6943e-02,1.5109e-01,1.3336e-01,2.2163e-01,8.2516e-02,1.2540e-03,2.5079e-01,2.1328e-05,6.2277e-02,1.1913e-04
9.1467e-02,6.5056e-02,1.7603e-01,2.2496e-01,1.1197e-01,3.5107e-03,2.4546e-01,1.1883e-04,8.1052e-02,3.7882e-04
1.3195e-01,1.0460e-01,1.1732e-01,2.2182e-01,9.7580e-02,4.2033e-04,2.5450e-01,7.2469e-05,7.1445e-02,2.9194e-04
8.7924e-02,1.0690e-01,1.4822e-01,2.1689e-01,1.2345e-01,5.2067e-04,2.7003e-01,9.1268e-05,4.5638e-02,3.2938e-04
1.2795e-01,1.0518e-01,1.5210e-01,2.3446e-01,8.9188e-02,4.4101e-04,2.3512e-01,2.3872e-05,5.5298e-02,2.4006e-04
9.4025e-02,1.1975e-01,1.1770e-01,2.0958e-01,1.3101e-01,7.5177e-05,2.8141e-01,5.6126e-05,4.6111e-02,2.8353e-04
1.0198e-01,1.4953e-01,1.1556e-01,1.8095e-01,1.0386e-01,5.4520e-05,2.7396e-01,7.6075e-05,7.3650e-02,3.7520e-04
1.0131e-01,8.4023e-02,1.6077e-01,2.1526e-01,1.0999e-01,2.4248e-03,2.5799e-01,1.7722e-04,6.5276e-02,2.7911e-03
6.7418e-02,8.3344e-02,1.1877e-01,1.9949e-01,9.7761e-02,4.3125e-04,3.5926e-01,1.1548e-05,7.3417e-02,9.8472e-05
9.6375e-02,1.1693e-01,1.3566e-01,2.3608e-01,9.0427e-02,2.1135e-03,2.6708e-01,4.3924e-04,5.4410e-02,4.8832e-04
9.1502e-02,1.3663e-01,9.1239e-02,2.4425e-01,7.8548e-02,5.6689e-05,2.9671e-01,4.1225e-04,6.0434e-02,2.1569e-04
8.0308e-02,9.5117e-02,1.5611e-01,2.0966e-01,1.2864e-01,1.2766e-04,2.7966e-01,3.0636e-05,5.0178e-02,1.6786e-04
1.0659e-01,1.1523e-01,9.3647e-02,2.4550e-01,8.4240e-02,5.0356e-05,3.0795e-01,2.7859e-05,4.6632e-02,1.3012e-04
1.0122e-01,1.4256e-01,1.5084e-01,1.8822e-01,9.8492e-02,2.5795e-04,2.5177e-01,3.4332e-04,6.6110e-02,1.9464e-04
8.6737e-02,1.2733e-01,1.9266e-01,2.1613e-01,1.1567e-01,7.9403e-04,2.2937e-01,4.1544e-05,3.1084e-02,1.7274e-04
9.9621e-02,1.3255e-01,1.2194e-01,2.5185e-01,8.3986e-02,7.5920e-04,2.6650e-01,6.6679e-05,4.2569e-02,1.5393e-04
9.1163e-02,1.3568e-01,1.1828e-01,2.2765e-01,1.0613e-01,3.0883e-04,2.7396e-01,4.9299e-04,4.6084e-02,2.5071e-04
9.6999e-02,1.2151e-01,1.2631e-01,2.4413e-01,1.2284e-01,6.5280e-05,2.3511e-01,3.2341e-05,5.2808e-02,1.8885e-04
1.1345e-01,1.0709e-01,1.1447e-01,2.0501e-01,1.1807e-01,1.4050e-04,2.8289e-01,1.8482e-05,5.8772e-02,8.4177e-05
9.1847e-02,9.5972e-02,1.2308e-01,2.4105e-01,1.0369e-01,3.9363e-03,2.8296e-01,3.7999e-05,5.7277e-02,1.4862e-04
7.4165e-02,1.3368e-01,1.5888e-01,2.5682e-01,1.0009e-01,4.9452e-03,2.3743e-01,3.2163e-05,3.3849e-02,1.2148e-04
5.2301e-02,9.0726e-02,1.4486e-01,2.6339e-01,9.4436e-02,3.0417e-05,2.7741e-01,2.5280e-05,7.6731e-02,9.1509e-05
8.5732e-02,9.3873e-02,1.4718e-01,2.2902e-01,1.4249e-01,2.4362e-03,2.5990e-01,4.0403e-05,3.9222e-02,1.0459e-04
4.5912e-02,1.4404e-01,1.4450e-01,1.9127e-01,1.0267e-01,1.1611e-03,3.0530e-01,2.5329e-05,6.5023e-02,9.6053e-05
8.3025e-02,9.5837e-02,1.5613e-01,1.9292e-01,1.2155e-01,2.6523e-03,2.7535e-01,5.1532e-05,6.9696e-02,2.7813e-03
7.7605e-02,1.1187e-01,1.5141e-01,2.2358e-01,1.1065e-01,1.5498e-04,2.9783e-01,2.9788e-05,2.6768e-02,1.0567e-04
9.3033e-02,1.3641e-01,1.1572e-01,1.7103e-01,1.2143e-01,5.5094e-05,3.0122e-01,3.1602e-05,6.1009e-02,5.7102e-05
5.8589e-02,1.1120e-01,1.4515e-01,2.4844e-01,1.2939e-01,1.6315e-03,2.5863e-01,6.1776e-04,4.5984e-02,3.7832e-04
6.2338e-02,8.8031e-02,1.5444e-01,2.5600e-01,1.2179e-01,4.6267e-03,2.4307e-01,1.3732e-04,6.8422e-02,1.1374e-03
9.2621e-02,1.1882e-01,1.5585e-01,1.8830e-01,1.3324e-01,5.3902e-04,2.6838e-01,4.7130e-05,4.1701e-02,5.1149e-04
7.8425e-02,1.0908e-01,1.4237e-01,2.2184e-01,1.3460e-01,4.9135e-05,2.5236e-01,4.8173e-05,6.0969e-02,2.6557e-04
1.0624e-01,1.2230e-01,1.4562e-01,1.8822e-01,1.0040e-01,1.6355e-03,2.7802e-01,1.2283e-04,5.7198e-02,2.5123e-04
7.7254e-02,8.6316e-02,1.5832e-01,2.2773e-01,1.1147e-01,3.1338e-04,3.0698e-01,4.6271e-04,3.0632e-02,5.2056e-04
6.7819e-02,1.0522e-01,1.4254e-01,2.4291e-01,9.3553e-02,8.2448e-05,2.8799e-01,2.3333e-04,5.9411e-02,2.4627e-04
8.2134e-02,1.1684e-01,1.0021e-01,2.6482e-01,1.1803e-01,4.5109e-05,2.4082e-01,9.3849e-05,7.6903e-02,1.1557e-04
6.3991e-02,1.0063e-01,1.1653e-01,2.4864e-01,1.5650e-01,3.6963e-05,2.6885e-01,5.4911e-05,4.4644e-02,1.1569e-04
6.6149e-02,8.8594e-02,1.0961e-01,2.4350e-01,1.3245e-01,1.9895e-04,3.0657e-01,1.2419e-04,5.2597e-02,2.0877e-04
1.1385e-01,8.5070e-02,1.2157e-01,2.2493e-01,7.9334e-02,2.5849e-03,3.0552e-01,1.2212e-04,6.6928e-02,9.4214e-05
5.6297e-02,1.0808e-01,1.2492e-01,2.4019e-01,1.2350e-01,1.5745e-04,2.7483e-01,2.2596e-04,6.6895e-02,4.8967e-03
7.4008e-02,1.0819e-01,1.5803e-01,2.2409e-01,8.8709e-02,3.4297e-05,2.8116e-01,2.0334e-05,6.5733e-02,3.2122e-05
5.5338e-02,5.5778e-02,1.0629e-01,2.2013e-01,1.3107e-01,1.8534e-05,3.9980e-01,1.6918e-05,2.7153e-02,4.4024e-03
7.5056e-02,1.2851e-01,1.3477e-01,2.2018e-01,1.1865e-01,4.7446e-05,2.7065e-01,8.3564e-05,5.1238e-02,8.1087e-04
9.5199e-02,8.0274e-02,1.4498e-01,2.7161e-01,1.3615e-01,4.6553e-03,2.4067e-01,6.6639e-05,2.4300e-02,2.1009e-03
5.8395e-02,1.1976e-01,1.6846e-01,2.2945e-01,1.1198e-01,4.9990e-03,2.6509e-01,2.5042e-05,4.1655e-02,1.7837e-04
9.6713e-02,1.0310e-01,1.4907e-01,2.2927e-01,1.0004e-01,3.0515e-05,2.6995e-01,5.9278e-05,4.5288e-02,6.4908e-03
6.7809e-02,8.9215e-02,1.3696e-01,2.5596e-01,1.0839e-01,5.5598e-05,2.8447e-01,8.8763e-05,5.6941e-02,1.0473e-04
7.5758e-02,1.0732e-01,1.1173e-01,2.5087e-01,1.2642e-01,4.3641e-04,2.7147e-01,8.5973e-05,5.3984e-02,1.9247e-03
9.6732e-02,1.0612e-01,1.3137e-01,1.9462e-01,1.0860e-01,1.8964e-04,2.8506e-01,7.4270e-05,7.2368e-02,4.8572e-03
9.1095e-02,1.0939e-01,1.2783e-01,2.0197e-01,1.1211e-01,1.9994e-03,2.6403e-01,5.6732e-04,8.9746e-02,1.2666e-03
1.0141e-01,1.2025e-01,1.5285e-01,1.9864e-01,9.7720e-02,2.9914e-04,2.8653e-01,6.2467e-04,4.1628e-02,4.8400e-05
8.4406e-02,8.8223e-02,1.4958e-01,2.2203e-01,1.1357e-01,1.1561e-04,2.9616e-01,2.4574e-04,4.2500e-02,3.1669e-03
7.7478e-02,7.3772e-02,2.2382e-01,2.4709e-01,1.0793e-01,1.5755e-03,2.0675e-01,1.7695e-04,5.6829e-02,4.5760e-03
9.4277e-02,1.2849e-01,1.5219e-01,2.3294e-01,7.5387e-02,6.5528e-04,2.6570e-01,1.3366e-05,5.0166e-02,1.7460e-04
1.0480e-01,8.9170e-02,9.6108e-02,2.5209e-01,1.0844e-01,1.4753e-04,2.9107e-01,1.9570e-04,5.7845e-02,1.3125e-04
1.0044e-01,1.6852e-01,1.3977e-01,1.7986e-01,9.0432e-02,1.5391e-04,2.5495e-01,1.0616e-04,5.1084e-02,1.4677e-02
9.6956e-02,8.5114e-02,1.1477e-01,2.0630e-01,1.1750e-01,3.2570e-03,2.7464e-01,4.9827e-05,9.2559e-02,8.8527e-03
1.0246e-01,1.2147e-01,1.4283e-01,2.0767e-01,1.2030e-01,5.0604e-03,2.4211e-01,7.1780e-05,5.6415e-02,1.6287e-03
9.5178e-02,9.0794e-02,1.8046e-01,1.9799e-01,1.1538e-01,1.4569e-03,2.5574e-01,3.4264e-04,6.2544e-02,1.1148e-04
1.3005e-01,7.0847e-02,1.0493e-01,1.9403e-01,9.6758e-02,4.8775e-03,3.4592e-01,4.5173e-03,4.3230e-02,4.8389e-03
5.7938e-02,1.0127e-01,1.2297e-01,2.3899e-01,1.3227e-01,2.7233e-04,2.8763e-01,5.4079e-05,4.8758e-02,9.8425e-03
6.8756e-02,8.6384e-02,9.9824e-02,2.8058e-01,1.1294e-01,4.4713e-05,3.1633e-01,1.4819e-03,3.3531e-02,1.2266e-04
8.6873e-02,9.6590e-02,1.2637e-01,2.0918e-01,1.0888e-01,1.2349e-02,2.9939e-01,1.9205e-03,5.7520e-02,9.2989e-04
8.1662e-02,1.0849e-01,1.0294e-01,1.8753e-01,1.1557e-01,1.8289e-03,3.6529e-01,5.2500e-05,3.5773e-02,8.6282e-04
9.4447e-02,1.1755e-01,1.5013e-01,1.9017e-01,1.1141e-01,1.3287e-04,2.5812e-01,1.6530e-04,7.4920e-02,2.9513e-03
9.7539e-02,6.5846e-02,1.8985e-01,2.0679e-01,1.2551e-01,3.1061e-04,2.6485e-01,1.9137e-05,4.9150e-02,1.4420e-04
7.2444e-02,1.1105e-01,1.8749e-01,2.0021e-01,1.0765e-01,7.9633e-05,2.6367e-01,9.4163e-05,5.2829e-02,4.4787e-03
9.7169e-02,9.2716e-02,1.9094e-01,1.6625e-01,1.5091e-01,2.3766e-04,2.3204e-01,4.0195e-05,6.9592e-02,9.4060e-05
7.9838e-02,4.5461e-02,1.3043e-01,2.0921e-01,1.4941e-01,1.0136e-04,3.1814e-01,9.9052e-05,6.6901e-02,4.0009e-04
7.8714e-02,1.1257e-01,1.2845e-01,1.9643e-01,1.1137e-01,1.8228e-04,2.8752e-01,1.0374e-04,7.9311e-02,5.3477e-03
9.9996e-02,3.8401e-02,1.7228e-01,2.0978e-01,1.4532e-01,7.1992e-05,2.8266e-01,2.7993e-04,4.6215e-02,4.9982e-03
8.3517e-02,1.5420e-01,1.5536e-01,1.5697e-01,1.1055e-01,1.0151e-04,2.6475e-01,4.5530e-05,7.4316e-02,1.9387e-04
8.7463e-02,1.1048e-01,1.6821e-01,1.6552e-01,1.2574e-01,2.5080e-05,2.9072e-01,1.8502e-05,5.1748e-02,7.1912e-05
7.8734e-02,7.8157e-02,1.3403e-01,2.2003e-01,1.3798e-01,8.3042e-05,3.0298e-01,3.6934e-05,4.7741e-02,2.4051e-04
9.7521e-02,9.2285e-02,1.2624e-01,1.9764e-01,1.3418e-01,5.2519e-05,3.0194e-01,6.1482e-05,4.4629e-02,5.4475e-03
8.8088e-02,1.1148e-01,1.6291e-01,2.0019e-01,9.4444e-02,8.7605e-05,2.9015e-01,1.1188e-05,5.2573e-02,7.2104e-05
7.9485e-02,9.2822e-02,1.6430e-01,1.8934e-01,1.3176e-01,4.6545e-03,2.9123e-01,2.8848e-05,4.6269e-02,1.1100e-04
7.6792e-02,7.1986e-02,1.4839e-01,1.6607e-01,1.8283e-01,1.4538e-04,2.8558e-01,9.2665e-06,6.4084e-02,4.1183e-03
6.3567e-02,7.0423e-02,1.5865e-01,1.9620e-01,1.2967e-01,2.1384e-04,3.1909e-01,4.8909e-04,5.7246e-02,4.4436e-03
6.9106e-02,5.1012e-02,1.2908e-01,2.6260e-01,1.0186e-01,2.0830e-03,3.3043e-01,7.8450e-05,5.3054e-02,7.0212e-04
4.9746e-02,4.7424e-02,1.3311e-01,2.2890e-01,1.5890e-01,3.2179e-03,3.4570e-01,4.2179e-05,2.7174e-02,5.7855e-03
1.0483e-01,8.1449e-02,9.3707e-02,2.8200e-01,1.2426e-01,2.2481e-03,2.5996e-01,1.4807e-04,4.0487e-02,1.0915e-02
7.7126e-02,8.7538e-02,1.0754e-01,2.7394e-01,1.5035e-01,5.5001e-03,2.5792e-01,8.0776e-04,3.8757e-02,5.1466e-04
5.7649e-02,1.0183e-01,1.2948e-01,2.5349e-01,1.3337e-01,4.8429e-04,2.7738e-01,4.7963e-03,4.1338e-02,1.8817e-04
5.8448e-02,9.0932e-02,1.3211e-01,2.4229e-01,1.1765e-01,1.3570e-03,3.1021e-01,5.2867e-04,4.6339e-02,1.3852e-04
5.6148e-02,8.1660e-02,1.4220e-01,2.6989e-01,1.2782e-01,3.3511e-05,2.7856e-01,3.4419e-05,4.3476e-02,1.7229e-04
6.4152e-02,9.3025e-02,1.0515e-01,2.4070e-01,1.3428e-01,5.6079e-03,3.1337e-01,3.3401e-05,3.9945e-02,3.7427e-03
5.4804e-02,1.3072e-01,1.3596e-01,2.1244e-01,1.3338e-01,1.0993e-03,2.7365e-01,7.9590e-05,5.2496e-02,5.3768e-03
6.6141e-02,9.1107e-02,1.6534e-01,1.6588e-01,1.2178e-01,3.0995e-05,3.4480e-01,3.9084e-05,4.4694e-02,1.8257e-04
4.9595e-02,6.0420e-02,1.2472e-01,2.4566e-01,1.4806e-01,5.9834e-04,3.2085e-01,6.1755e-05,4.5309e-02,4.7317e-03
8.0585e-02,1.0569e-01,1.7716e-01,2.6949e-01,1.0974e-01,4.4681e-03,2.2466e-01,8.1250e-05,2.2771e-02,5.3584e-03
4.0230e-02,8.6864e-02,1.4366e-01,2.2188e-01,1.4227e-01,8.3537e-03,2.7962e-01,6.8510e-05,7.0121e-02,6.9267e-03
6.1764e-02,1.2869e-01,1.7337e-01,2.2358e-01,1.1482e-01,4.7173e-03,2.4750e-01,2.0525e-04,4.1942e-02,3.4149e-03
5.1709e-02,1.5585e-01,1.7946e-01,2.0994e-01,1.1802e-01,3.9508e-04,2.4449e-01,8.1167e-05,3.4816e-02,5.2519e-03
3.2688e-02,1.2751e-01,1.2775e-01,1.7617e-01,1.6506e-01,9.2563e-03,3.0839e-01,9.1145e-05,4.8555e-02,4.5408e-03
5.4839e-02,1.2255e-01,1.8426e-01,2.5868e-01,1.1749e-01,5.1764e-03,2.0263e-01,5.6814e-05,5.3745e-02,5.8496e-04
3.7842e-02,9.5732e-02,1.8599e-01,2.0968e-01,1.1585e-01,5.0068e-03,2.6679e-01,2.9729e-05,8.2995e-02,8.9257e-05
6.9851e-02,9.5202e-02,1.5831e-01,2.2444e-01,1.3585e-01,5.0626e-03,2.4141e-01,4.1328e-05,6.3603e-02,6.2202e-03
5.5574e-02,9.3620e-02,1.9550e-01,2.0533e-01,1.0495e-01,1.1587e-03,2.5662e-01,3.4038e-05,8.1361e-02,5.8543e-03
6.3001e-02,1.3240e-01,1.5571e-01,2.1055e-01,9.4396e-02,6.5023e-05,2.7159e-01,2.1367e-05,6.7126e-02,5.1437e-03
4.8720e-02,1.2073e-01,1.7334e-01,2.1998e-01,1.4963e-01,4.7927e-03,2.0625e-01,4.9416e-05,6.3853e-02,1.2650e-02
5.8805e-02,1.1404e-01,1.6815e-01,1.6854e-01,1.3497e-01,8.1707e-05,2.6103e-01,4.5868e-03,7.7814e-02,1.1978e-02
4.5037e-02,1.3455e-01,1.9364e-01,2.1697e-01,9.7506e-02,5.0222e-03,2.6713e-01,2.4852e-05,3.6693e-02,3.4248e-03
5.0128e-02,1.0270e-01,1.6276e-01,2.3411e-01,1.1300e-01,4.1810e-04,2.5483e-01,2.8623e-04,7.6958e-02,4.8186e-03
6.1250e-02,1.0492e-01,1.5416e-01,2.1469e-01,1.5802e-01,4.9067e-03,2.1916e-01,1.1698e-03,7.0904e-02,1.0818e-02
6.0436e-02,1.0316e-01,1.5691e-01,1.7868e-01,1.4661e-01,2.3672e-04,2.8483e-01,5.9401e-05,6.7557e-02,1.5229e-03
5.3599e-02,1.0957e-01,1.5428e-01,2.0361e-01,1.6560e-01,2.9123e-04,2.5187e-01,1.6826e-04,5.6078e-02,4.9329e-03
5.9950e-02,1.0849e-01,1.7540e-01,1.6202e-01,1.2686e-01,5.3163e-03,2.9563e-01,4.2697e-05,6.1318e-02,4.9625e-03
5.5145e-02,1.0110e-01,1.3943e-01,2.3886e-01,1.3706e-01,2.0069e-03,2.7959e-01,6.0845e-03,3.6086e-02,4.6386e-03
5.7378e-02,1.2612e-01,1.4125e-01,1.9986e-01,8.1503e-02,4.2827e-03,3.4478e-01,1.8877e-05,4.4376e-02,4.3379e-04
6.8089e-02,1.0358e-01,1.7552e-01,1.8888e-01,1.0315e-01,3.4427e-03,3.0109e-01,7.2784e-04,4.9700e-02,5.8204e-03
7.5251e-02,1.2163e-01,1.5975e-01,1.7872e-01,1.4238e-01,1.4270e-05,2.7775e-01,4.5892e-06,4.4438e-02,6.2674e-05
4.6012e-02,1.1779e-01,1.4174e-01,2.0871e-01,1.7424e-01,4.7446e-03,2.5593e-01,6.2319e-05,4.6350e-02,4.4152e-03
6.2577e-02,1.2884e-01,1.3225e-01,1.8461e-01,1.5179e-01,5.4596e-03,2.6251e-01,1.4821e-04,7.0464e-02,1.3402e-03
6.8021e-02,1.0465e-01,1.3502e-01,2.2806e-01,1.6848e-01,5.6228e-05,2.4517e-01,2.6145e-05,5.0461e-02,6.1471e-05
5.6379e-02,9.2583e-02,1.7181e-01,1.7066e-01,1.6695e-01,1.3163e-05,3.0952e-01,9.7203e-06,3.1956e-02,1.1901e-04
7.0480e-02,1.5904e-01,1.1004e-01,2.1675e-01,1.0290e-01,6.2169e-05,2.8934e-01,1.7029e-05,5.1179e-02,1.9106e-04
