8.7501e-07,4.7411e-07,4.9930e-01,3.2770e-01,1.3216e-10,5.0879e-02,5.2347e-02,6.6759e-02,3.0127e-03,1.1240e-09
2.4558e-01,2.6888e-04,2.6416e-02,1.9506e-02,6.8968e-03,1.8043e-02,7.0116e-02,6.5554e-03,5.4018e-01,6.6447e-02
2.3255e-02,5.3590e-03,2.2716e-01,7.6751e-02,2.8482e-03,1.6315e-02,1.0319e-02,2.6370e-02,6.0564e-01,5.9808e-03
5.4613e-02,1.8854e-03,2.9825e-02,1.2521e-02,7.6232e-02,2.2135e-02,8.8273e-02,7.1516e-03,6.4799e-01,5.9373e-02
9.9676e-02,1.3086e-02,7.1106e-02,3.3772e-02,3.5410e-01,3.6779e-02,5.2220e-02,7.7039e-02,2.3590e-01,2.6321e-02
4.4914e-01,5.4758e-03,2.0896e-01,2.0754e-02,3.9834e-02,1.0714e-02,1.4100e-01,7.9911e-03,1.1010e-01,6.0418e-03
2.3474e-02,2.1798e-03,1.3511e-01,1.7698e-01,1.9894e-01,9.5058e-02,6.9370e-02,5.5776e-02,1.4198e-01,1.0113e-01
6.0397e-02,2.9733e-02,1.6363e-01,8.1787e-02,1.0804e-01,1.6513e-01,1.1139e-01,2.8218e-02,1.2034e-01,1.3133e-01
3.6782e-02,4.3221e-02,1.7623e-01,1.7229e-01,7.3449e-02,1.3622e-01,9.6603e-02,3.7806e-02,1.3820e-01,8.9201e-02
1.6965e-02,1.3433e-01,1.1088e-01,1.3467e-01,1.0375e-01,7.3096e-02,7.6181e-02,1.0331e-01,1.4133e-01,1.0548e-01
2.2214e-02,7.3816e-02,1.2971e-01,6.0345e-02,1.7890e-01,7.8128e-02,6.1206e-02,1.1305e-01,2.0647e-01,7.6161e-02
5.9343e-02,2.8019e-02,6.1743e-02,9.8322e-02,1.6647e-01,7.1327e-02,1.0904e-01,5.9038e-02,2.6676e-01,7.9933e-02
5.0281e-02,7.8358e-02,9.4615e-02,1.2386e-01,9.8508e-02,9.4519e-02,5.6322e-02,9.9630e-02,2.6202e-01,4.1880e-02
6.9148e-02,6.3240e-02,1.0736e-01,1.9113e-01,6.9496e-02,9.9395e-02,8.5119e-02,8.3754e-02,1.7890e-01,5.2454e-02
6.7056e-02,3.8342e-02,5.4312e-02,1.5013e-01,1.3224e-01,1.1440e-01,9.3701e-02,1.1530e-01,1.7816e-01,5.6353e-02
7.3667e-02,4.3866e-02,7.5730e-02,1.3475e-01,1.3271e-01,7.7058e-02,8.0673e-02,4.9527e-02,2.2376e-01,1.0826e-01
8.8302e-02,3.2414e-02,1.0142e-01,1.5003e-01,1.3240e-01,9.1494e-02,8.0882e-02,9.8338e-02,1.6443e-01,6.0291e-02
6.8068e-02,2.1723e-02,1.0707e-01,7.6762e-02,1.1830e-01,1.2209e-01,6.1089e-02,1.2008e-01,2.2098e-01,8.3835e-02
5.4658e-02,2.0601e-02,1.0396e-01,1.5156e-01,1.5132e-01,9.6107e-02,4.0951e-02,1.0205e-01,1.7873e-01,1.0006e-01
6.6824e-02,3.1331e-02,1.0355e-01,1.3376e-01,1.1116e-01,1.3818e-01,7.0414e-02,8.5634e-02,2.0701e-01,5.2139e-02
6.1879e-02,1.9105e-02,9.0795e-02,1.5662e-01,1.0115e-01,9.2492e-02,4.1613e-02,1.3393e-01,2.2123e-01,8.1194e-02
8.0646e-02,3.2872e-02,1.2948e-01,1.2044e-01,1.3248e-01,7.3262e-02,6.9058e-02,1.4913e-01,1.3948e-01,7.3159e-02
5.3470e-02,2.3129e-02,1.0878e-01,1.6182e-01,1.0351e-01,8.5778e-02,4.5041e-02,1.1713e-01,1.8828e-01,1.1307e-01
6.8544e-02,3.5434e-02,1.1518e-01,1.7997e-01,6.7198e-02,1.1093e-01,6.9840e-02,7.1724e-02,1.9705e-01,8.4131e-02
1.0575e-01,2.6688e-02,6.7884e-02,1.4704e-01,1.2284e-01,1.6416e-01,5.9611e-02,7.8976e-02,1.4585e-01,8.1210e-02
3.7868e-02,4.1497e-02,1.2624e-01,1.4359e-01,8.9544e-02,1.0688e-01,1.0158e-01,8.6392e-02,1.9266e-01,7.3748e-02
7.9758e-02,5.6703e-02,1.0155e-01,1.8289e-01,8.5160e-02,1.0581e-01,2.8647e-02,9.8770e-02,1.8069e-01,8.0030e-02
4.4470e-02,6.5734e-02,9.2318e-02,2.1106e-01,7.8429e-02,1.0856e-01,7.2170e-02,6.4740e-02,1.7168e-01,9.0830e-02
7.5205e-02,3.3044e-02,9.2741e-02,1.7753e-01,8.3662e-02,8.0309e-02,8.1889e-02,7.3425e-02,2.0335e-01,9.8843e-02
4.5339e-02,6.8579e-02,1.4277e-01,1.6358e-01,9.1114e-02,1.3989e-01,4.1882e-02,8.4966e-02,1.9351e-01,2.8374e-02
2.9420e-02,3.1559e-02,8.5176e-02,1.6508e-01,1.0713e-01,1.2156e-01,7.6596e-02,7.1692e-02,1.9572e-01,1.1606e-01
7.0359e-02,5.7124e-02,1.1753e-01,1.5583e-01,7.1423e-02,1.1738e-01,4.7182e-02,9.0177e-02,2.0780e-01,6.5195e-02
5.5285e-02,7.7661e-02,1.0154e-01,1.4861e-01,1.0806e-01,1.3477e-01,7.3714e-02,6.1143e-02,1.6999e-01,6.9216e-02
4.5686e-02,6.1945e-02,9.7299e-02,1.3763e-01,9.5632e-02,1.2496e-01,1.0587e-01,8.5492e-02,1.6533e-01,8.0159e-02
4.3339e-02,4.6853e-02,1.1635e-01,1.2071e-01,1.0456e-01,1.1006e-01,1.1190e-01,8.4527e-02,1.7285e-01,8.8841e-02
8.9792e-02,5.8404e-02,6.9601e-02,1.1046e-01,1.0694e-01,6.9011e-02,7.9265e-02,1.0223e-01,2.1228e-01,1.0202e-01
5.8576e-02,8.2460e-02,8.7504e-02,1.6632e-01,8.1231e-02,1.1151e-01,5.6212e-02,9.2630e-02,2.0347e-01,6.0088e-02
5.5644e-02,3.8710e-02,1.3804e-01,1.5132e-01,7.4847e-02,1.0965e-01,6.5638e-02,8.4968e-02,2.0298e-01,7.8201e-02
6.3893e-02,2.7516e-02,1.4695e-01,1.2853e-01,9.1382e-02,9.6662e-02,6.2961e-02,6.7950e-02,2.4442e-01,6.9735e-02
7.1255e-02,3.7333e-02,8.2691e-02,1.6712e-01,8.8884e-02,1.2969e-01,5.5806e-02,8.2271e-02,2.0524e-01,7.9709e-02
5.2253e-02,7.0157e-02,9.5676e-02,1.2887e-01,6.3329e-02,1.0784e-01,9.5767e-02,8.4104e-02,1.9085e-01,1.1116e-01
3.8514e-02,2.5432e-02,5.9685e-02,1.7636e-01,1.0991e-01,1.0665e-01,3.7494e-02,1.1627e-01,2.2463e-01,1.0505e-01
7.7334e-02,3.5318e-02,5.6867e-02,1.2102e-01,9.5119e-02,1.0690e-01,7.3919e-02,1.0892e-01,2.3273e-01,9.1878e-02
4.9640e-02,4.4217e-02,6.4466e-02,8.7349e-02,1.1013e-01,7.9726e-02,7.0025e-02,1.0384e-01,2.6154e-01,1.2907e-01
6.4688e-02,6.0159e-02,5.1571e-02,1.5358e-01,8.7596e-02,1.5542e-01,5.7932e-02,9.5747e-02,1.7586e-01,9.7442e-02
8.2807e-02,2.9131e-02,8.5479e-02,1.2862e-01,1.2126e-01,1.0365e-01,8.4563e-02,6.6334e-02,2.1052e-01,8.7637e-02
8.6778e-02,6.5440e-02,6.4500e-02,1.3706e-01,8.7259e-02,9.7217e-02,2.6410e-02,8.8962e-02,2.1109e-01,1.3528e-01
8.1142e-02,6.0851e-02,6.5866e-02,1.1118e-01,1.2978e-01,9.7933e-02,6.1369e-02,9.5067e-02,2.0265e-01,9.4160e-02
7.7341e-02,4.0107e-02,7.7911e-02,1.6393e-01,1.1279e-01,7.9552e-02,4.2847e-02,9.1782e-02,2.0226e-01,1.1147e-01
7.8888e-02,5.4394e-02,8.8522e-02,1.4150e-01,1.1302e-01,1.2028e-01,7.6351e-02,7.6293e-02,1.7961e-01,7.1152e-02
5.3300e-02,1.2171e-01,7.1038e-02,1.2005e-01,1.2459e-01,9.0800e-02,6.0176e-02,8.1614e-02,1.9769e-01,7.9038e-02
5.9475e-02,5.1405e-02,5.4580e-02,1.9675e-01,7.6722e-02,1.3851e-01,4.5496e-02,6.2466e-02,2.1827e-01,9.6324e-02
6.3436e-02,4.9092e-02,7.7566e-02,1.3605e-01,1.1526e-01,9.5806e-02,5.6939e-02,9.3122e-02,2.1990e-01,9.2827e-02
6.9971e-02,6.1828e-02,6.8133e-02,1.7025e-01,9.6727e-02,1.2581e-01,4.4190e-02,5.9438e-02,2.3451e-01,6.9139e-02
5.9079e-02,5.7255e-02,6.2248e-02,1.5642e-01,7.6484e-02,1.0098e-01,5.9778e-02,1.0420e-01,2.4354e-01,8.0019e-02
6.9633e-02,5.3652e-02,7.7124e-02,1.5810e-01,8.8451e-02,1.1242e-01,4.4538e-02,7.0590e-02,2.1745e-01,1.0803e-01
6.2238e-02,6.8154e-02,5.8775e-02,2.1424e-01,7.3679e-02,1.3205e-01,5.2457e-02,7.9238e-02,2.0747e-01,5.1705e-02
5.4247e-02,8.0313e-02,6.2722e-02,1.8243e-01,5.3920e-02,1.1046e-01,3.5733e-02,7.3607e-02,2.3273e-01,1.1384e-01
6.0494e-02,7.5931e-02,1.0224e-01,1.4713e-01,9.2700e-02,8.5478e-02,1.9512e-02,6.5890e-02,2.5615e-01,9.4480e-02
9.6567e-02,4.1918e-02,9.0590e-02,1.9716e-01,8.1427e-02,8.3491e-02,2.3518e-02,8.5628e-02,2.3405e-01,6.5649e-02
5.0833e-02,8.1888e-02,6.0017e-02,2.1771e-01,9.6949e-02,1.2673e-01,3.9624e-02,8.3164e-02,1.7428e-01,6.8803e-02
7.2792e-02,6.5518e-02,7.9323e-02,1.9796e-01,6.1920e-02,1.1954e-01,4.0186e-02,6.5227e-02,2.4278e-01,5.4753e-02
8.4220e-02,4.4776e-02,6.7027e-02,1.8779e-01,6.6157e-02,1.3953e-01,5.5154e-02,2.7208e-02,2.6909e-01,5.9037e-02
1.0507e-01,5.3205e-02,6.9781e-02,1.3887e-01,9.3281e-02,9.9216e-02,4.4500e-02,4.1023e-02,3.1889e-01,3.6159e-02
5.0117e-02,4.0307e-02,8.2603e-02,1.7496e-01,4.3800e-02,1.5355e-01,5.2260e-02,2.7683e-02,3.0523e-01,6.9491e-02
8.8294e-02,6.5641e-02,7.6146e-02,1.6546e-01,7.6915e-02,1.4744e-01,3.6008e-02,3.9483e-02,2.5772e-01,4.6890e-02
8.4170e-02,7.3755e-02,5.3059e-02,1.8558e-01,8.5597e-02,1.2856e-01,3.2077e-02,6.1834e-02,2.4085e-01,5.4515e-02
9.1378e-02,7.6811e-02,7.0401e-02,1.7738e-01,5.0372e-02,9.4610e-02,3.5731e-02,5.0536e-02,2.7460e-01,7.8183e-02
7.3147e-02,9.4987e-02,6.8162e-02,1.7107e-01,5.4447e-02,1.2446e-01,1.7075e-02,5.3000e-02,2.8134e-01,6.2313e-02
7.6623e-02,1.0247e-01,7.0485e-02,1.7176e-01,1.0501e-01,8.9106e-02,1.9542e-02,5.6650e-02,2.3493e-01,7.3437e-02
8.5703e-02,6.2520e-02,6.3799e-02,2.0212e-01,5.1288e-02,8.5267e-02,2.2214e-02,4.1587e-02,3.0433e-01,8.1167e-02
8.3679e-02,1.0396e-01,5.1822e-02,1.8113e-01,4.8967e-02,1.2157e-01,1.9452e-02,5.0480e-02,2.7963e-01,5.9311e-02
5.1684e-02,7.6720e-02,4.9054e-02,2.2314e-01,5.2070e-02,1.4099e-01,2.3964e-02,4.6465e-02,2.7249e-01,6.3425e-02
5.9209e-02,8.8821e-02,6.0071e-02,2.1932e-01,4.8322e-02,1.2056e-01,2.0712e-02,4.1187e-02,2.5709e-01,8.4714e-02
8.6617e-02,6.7049e-02,2.9837e-02,1.8249e-01,4.4870e-02,1.2476e-01,1.8291e-02,5.3395e-02,3.3238e-01,6.0322e-02
9.3016e-02,8.8382e-02,5.9799e-02,1.8846e-01,7.1328e-02,7.3118e-02,1.6560e-02,5.4846e-02,2.9819e-01,5.6302e-02
5.8597e-02,1.2947e-01,2.6778e-02,2.2629e-01,3.1945e-02,1.0692e-01,1.5772e-02,4.0961e-02,2.9626e-01,6.7007e-02
8.2240e-02,7.0404e-02,3.2998e-02,1.8218e-01,5.3412e-02,1.2945e-01,2.0479e-02,5.2623e-02,2.7880e-01,9.7412e-02
6.8601e-02,5.6052e-02,4.8641e-02,2.2555e-01,4.3330e-02,1.4330e-01,3.6868e-02,2.6414e-02,3.1010e-01,4.1141e-02
6.8878e-02,6.8689e-02,3.7300e-02,2.2167e-01,7.5631e-02,9.8970e-02,3.5703e-02,2.1216e-02,3.0487e-01,6.7075e-02
9.9153e-02,5.9932e-02,5.5463e-02,1.9669e-01,6.9065e-02,7.0891e-02,2.3648e-02,3.7893e-02,3.1076e-01,7.6507e-02
7.9989e-02,1.1183e-01,3.5020e-02,1.9012e-01,8.3796e-02,1.6129e-01,3.3579e-02,3.5063e-02,2.2809e-01,4.1222e-02
8.6243e-02,9.9473e-02,3.1395e-02,1.8840e-01,6.1823e-02,1.0217e-01,7.4658e-03,3.6058e-02,3.2539e-01,6.1584e-02
7.7646e-02,1.1139e-01,4.3100e-02,1.9926e-01,4.6505e-02,1.1667e-01,1.4571e-02,3.1184e-02,2.8639e-01,7.3280e-02
1.1162e-01,9.1686e-02,4.1535e-02,1.9622e-01,6.7730e-02,9.1605e-02,2.9853e-02,1.8582e-02,2.9484e-01,5.6330e-02
7.4940e-02,9.3781e-02,3.7178e-02,1.9002e-01,4.5278e-02,1.4136e-01,2.2865e-02,1.8153e-02,3.4464e-01,3.1784e-02
5.7001e-02,1.5904e-01,4.9055e-02,1.6857e-01,2.1479e-02,1.5578e-01,2.0966e-02,5.2482e-02,2.6158e-01,5.4060e-02
5.6919e-02,1.0516e-01,5.6557e-02,2.3168e-01,4.0592e-02,1.0699e-01,1.6095e-02,2.9428e-02,3.1317e-01,4.3402e-02
6.4871e-02,1.1968e-01,2.6450e-02,2.0630e-01,5.4412e-02,1.4112e-01,1.3504e-02,2.8299e-02,2.8456e-01,6.0798e-02
1.0486e-01,8.0255e-02,3.7171e-02,1.4055e-01,6.6360e-02,1.3366e-01,2.0657e-02,3.2048e-02,3.1653e-01,6.7905e-02
9.2848e-02,8.7601e-02,3.5225e-02,1.8378e-01,6.4502e-02,1.1929e-01,1.6154e-02,2.8888e-02,2.9988e-01,7.1834e-02
9.9882e-02,9.8211e-02,4.1967e-02,1.9240e-01,4.8622e-02,1.0661e-01,1.4333e-02,3.5081e-02,2.9613e-01,6.6764e-02
1.0254e-01,9.7437e-02,2.7740e-02,2.4406e-01,2.7955e-02,9.8591e-02,2.1425e-02,1.0195e-02,3.2570e-01,4.4355e-02
1.2778e-01,1.0725e-01,3.3270e-02,1.9553e-01,3.1631e-02,1.0360e-01,2.5210e-02,3.5486e-02,2.8234e-01,5.7894e-02
9.7908e-02,8.5203e-02,1.8520e-02,2.2727e-01,5.7047e-02,1.0018e-01,7.5311e-03,3.4641e-02,3.1360e-01,5.8102e-02
1.4537e-01,9.1812e-02,4.8918e-02,2.1354e-01,3.3518e-02,1.3171e-01,1.3153e-02,1.6769e-02,2.5716e-01,4.8057e-02
1.1331e-01,1.0551e-01,3.5727e-02,1.5814e-01,4.3731e-02,1.1957e-01,2.6304e-02,3.1390e-02,3.2108e-01,4.5238e-02
7.9148e-02,7.4723e-02,1.9132e-02,2.0661e-01,4.6955e-02,1.4370e-01,9.4942e-03,2.3606e-02,3.4479e-01,5.1830e-02
1.0004e-01,1.3112e-01,3.1976e-02,1.8571e-01,3.9221e-02,9.4046e-02,1.2424e-02,3.7293e-02,3.2057e-01,4.7596e-02
7.0644e-02,9.4458e-02,3.8288e-02,1.9870e-01,5.0979e-02,1.2113e-01,1.9783e-02,1.6175e-02,3.3681e-01,5.3034e-02
9.5238e-02,8.6450e-02,3.4789e-02,1.8160e-01,8.8554e-03,1.2957e-01,1.3928e-02,2.4088e-02,3.7224e-01,5.3241e-02
1.1548e-01,9.1226e-02,1.5917e-02,2.1557e-01,2.6351e-02,1.0948e-01,2.8370e-02,2.2196e-02,3.3812e-01,3.7298e-02
1.1518e-01,9.2157e-02,1.8737e-02,1.7543e-01,4.6149e-02,7.7599e-02,1.3719e-02,1.5632e-02,3.9717e-01,4.8229e-02
1.0463e-01,1.2872e-01,2.7984e-02,2.0816e-01,2.5039e-02,1.0332e-01,1.5695e-02,1.6838e-02,3.1005e-01,5.9558e-02
1.1274e-01,1.2178e-01,4.6134e-02,1.9285e-01,2.9146e-02,1.1703e-01,8.5217e-03,2.3372e-02,2.8915e-01,5.9273e-02
1.1475e-01,1.1468e-01,3.6522e-02,1.9947e-01,2.6686e-02,1.6291e-01,1.9096e-02,7.9865e-03,2.8621e-01,3.1700e-02
1.1229e-01,1.1113e-01,3.1806e-02,1.9106e-01,3.7712e-02,1.0594e-01,9.3802e-03,1.4416e-02,3.3544e-01,5.0822e-02
8.1699e-02,1.6635e-01,1.1053e-02,1.6667e-01,2.9399e-02,1.0320e-01,1.4965e-02,1.5597e-02,3.6982e-01,4.1242e-02
1.0821e-01,9.1946e-02,4.5739e-02,2.0650e-01,2.9220e-02,1.2074e-01,2.4948e-02,1.0238e-02,3.2822e-01,3.4236e-02
1.1978e-01,8.2044e-02,3.1286e-02,1.6788e-01,3.6091e-02,1.2811e-01,8.2047e-03,1.4434e-02,3.4469e-01,6.7476e-02
7.8117e-02,7.3892e-02,2.4729e-02,2.5395e-01,2.3715e-02,1.2593e-01,7.9918e-03,1.6223e-02,3.2595e-01,6.9498e-02
9.4317e-02,1.3946e-01,2.2960e-02,1.5423e-01,3.3450e-02,9.9979e-02,1.4967e-02,1.6572e-02,3.6261e-01,6.1445e-02
1.3953e-01,1.2566e-01,2.2133e-02,1.6273e-01,2.1969e-02,1.1382e-01,9.9120e-03,6.9947e-03,3.6210e-01,3.5155e-02
1.1888e-01,9.2867e-02,2.3129e-02,2.2461e-01,2.8260e-02,1.5364e-01,1.9923e-02,1.9644e-02,2.8830e-01,3.0744e-02
7.0209e-02,9.0908e-02,2.1052e-02,1.8392e-01,3.8069e-02,1.1501e-01,1.1943e-02,2.1861e-02,3.9465e-01,5.2384e-02
1.0896e-01,1.1480e-01,2.0042e-02,2.3639e-01,4.0142e-02,8.1538e-02,1.2773e-02,1.4172e-02,3.2438e-01,4.6805e-02
1.2354e-01,1.1338e-01,2.1551e-02,1.4927e-01,2.3114e-02,1.3996e-01,1.2656e-02,2.0398e-02,3.5264e-01,4.3496e-02
7.7949e-02,1.0524e-01,1.6715e-02,2.2703e-01,2.2835e-02,9.9570e-02,1.7195e-02,1.0339e-02,3.8129e-01,4.1832e-02
8.6500e-02,1.3098e-01,1.9596e-02,2.0397e-01,3.0235e-02,1.1050e-01,8.1672e-03,1.7307e-02,3.4532e-01,4.7414e-02
9.0202e-02,1.3464e-01,1.7422e-02,2.1854e-01,1.3441e-02,1.3395e-01,2.2343e-02,2.3661e-02,3.0194e-01,4.3857e-02
1.0516e-01,1.1862e-01,2.8541e-02,2.0059e-01,3.0050e-02,1.3918e-01,2.1718e-02,1.1969e-02,3.0748e-01,3.6701e-02
1.0170e-01,9.6056e-02,3.1782e-02,1.9928e-01,2.0721e-02,1.1021e-01,5.8257e-03,1.5109e-02,3.7783e-01,4.1492e-02
1.0136e-01,1.2967e-01,1.8159e-02,2.0008e-01,3.7464e-02,8.5629e-02,9.3031e-03,1.6731e-02,3.7622e-01,2.5397e-02
1.0755e-01,1.2442e-01,3.1131e-02,2.0051e-01,1.0203e-02,8.4262e-02,2.0637e-02,1.7969e-02,3.5128e-01,5.2034e-02
1.1232e-01,1.0450e-01,3.2599e-02,1.7499e-01,2.8663e-02,1.3709e-01,5.0166e-03,2.2160e-02,3.4088e-01,4.1788e-02
1.1413e-01,1.2229e-01,2.2511e-02,1.9344e-01,1.1167e-02,1.4316e-01,8.0556e-03,2.0996e-02,3.3064e-01,3.3606e-02
5.0957e-02,1.4449e-01,2.5199e-02,1.9520e-01,1.9778e-02,1.1935e-01,6.6694e-03,5.6087e-03,3.8538e-01,4.7365e-02
1.0713e-01,1.1351e-01,3.5652e-03,1.7628e-01,2.2803e-02,1.2954e-01,1.4012e-02,1.7044e-02,3.7025e-01,4.5868e-02
1.3057e-01,1.3123e-01,2.4889e-02,2.0656e-01,1.2294e-02,1.2207e-01,1.0202e-02,1.9005e-02,3.0760e-01,3.5588e-02
1.0821e-01,1.1784e-01,2.5388e-02,1.7198e-01,2.9540e-02,1.4183e-01,1.7601e-02,1.9420e-02,3.4633e-01,2.1858e-02
1.1325e-01,1.1981e-01,3.4905e-02,1.7969e-01,1.6259e-02,1.0329e-01,9.9765e-03,2.0639e-02,3.7320e-01,2.8980e-02
1.2816e-01,1.2430e-01,1.0437e-02,1.5810e-01,2.4428e-02,1.0366e-01,1.9782e-02,1.3210e-02,3.7415e-01,4.3778e-02
9.8179e-02,9.4649e-02,1.8880e-02,1.7096e-01,2.5662e-02,1.4187e-01,1.2963e-02,1.6912e-02,3.7270e-01,4.7232e-02
1.0549e-01,1.2752e-01,6.9402e-03,1.5999e-01,2.0166e-02,1.0629e-01,8.7698e-03,2.0396e-02,3.8953e-01,5.4920e-02
1.0186e-01,1.6033e-01,2.6655e-02,1.5817e-01,2.4411e-02,9.2468e-02,1.5425e-02,2.3671e-02,3.6111e-01,3.5902e-02
9.2176e-02,1.1598e-01,2.4316e-02,1.6502e-01,1.0101e-02,1.4653e-01,1.8205e-02,1.1037e-02,3.8597e-01,3.0674e-02
1.1796e-01,1.2177e-01,2.9492e-02,1.8601e-01,4.0660e-02,7.9813e-02,1.0269e-02,1.0932e-02,3.5784e-01,4.5248e-02
9.1208e-02,1.4809e-01,1.2968e-02,1.7296e-01,2.5116e-02,1.3117e-01,1.1949e-02,1.8984e-02,3.3668e-01,5.0878e-02
1.1175e-01,1.3681e-01,2.1517e-02,1.7019e-01,1.9223e-02,1.5408e-01,8.9626e-03,1.3065e-02,3.1971e-01,4.4687e-02
9.5085e-02,1.0228e-01,2.9239e-02,2.1780e-01,1.1190e-02,1.1811e-01,6.1142e-03,5.0934e-03,3.6184e-01,5.3250e-02
1.0017e-01,1.2160e-01,1.4465e-02,1.9861e-01,2.7507e-02,1.1897e-01,8.3596e-03,8.3711e-03,3.5657e-01,4.5376e-02
1.1485e-01,9.3193e-02,4.5509e-03,1.5029e-01,1.5195e-02,1.3589e-01,1.9180e-02,1.2972e-02,4.2831e-01,2.5583e-02
8.3831e-02,9.9318e-02,1.1777e-02,2.0923e-01,2.7183e-02,1.4369e-01,1.0157e-02,2.1277e-03,3.7848e-01,3.4200e-02
8.0415e-02,1.3250e-01,1.9013e-02,1.6053e-01,8.0402e-03,1.5141e-01,2.0814e-02,8.7975e-03,3.9545e-01,2.3036e-02
1.3600e-01,1.0457e-01,2.7531e-02,1.7512e-01,2.6097e-02,8.1624e-02,9.0521e-03,9.8687e-03,3.8928e-01,4.0858e-02
1.0279e-01,8.5351e-02,4.1665e-03,1.7353e-01,6.0442e-03,1.1292e-01,1.3891e-02,3.1460e-03,4.7134e-01,2.6825e-02
1.3525e-01,1.0542e-01,1.8687e-02,2.2642e-01,1.7007e-02,1.2660e-01,8.7354e-03,5.8459e-03,3.1970e-01,3.6327e-02
1.2451e-01,1.0733e-01,3.6894e-02,2.0976e-01,2.0962e-02,9.2291e-02,2.1834e-03,8.0119e-03,3.8765e-01,1.0413e-02
8.1883e-02,1.2878e-01,2.1771e-02,1.4204e-01,3.9133e-02,1.1217e-01,4.1712e-03,7.9701e-03,4.0750e-01,5.4584e-02
1.1598e-01,1.4454e-01,2.1297e-02,1.9401e-01,2.3470e-02,1.2770e-01,1.0895e-02,8.1518e-03,3.1886e-01,3.5090e-02
1.4640e-01,1.0053e-01,1.4637e-02,1.6505e-01,1.4564e-02,9.7514e-02,5.9484e-03,1.7316e-02,4.0279e-01,3.5249e-02
1.4060e-01,1.0386e-01,1.1836e-02,1.4547e-01,1.9552e-02,1.3252e-01,1.7096e-02,5.6739e-03,4.0078e-01,2.2614e-02
1.1362e-01,1.2640e-01,2.0386e-02,1.5051e-01,7.7736e-03,9.4902e-02,1.7466e-03,3.4047e-03,4.3667e-01,4.4594e-02
8.3045e-02,1.1498e-01,1.4475e-02,1.8965e-01,1.9716e-02,7.1619e-02,9.4550e-04,1.2205e-02,4.5257e-01,4.0786e-02
1.3651e-01,1.4158e-01,1.0100e-02,1.9320e-01,2.1665e-02,9.8385e-02,2.3037e-03,6.5238e-03,3.5956e-01,3.0175e-02
7.6005e-02,9.6429e-02,2.4998e-02,1.6482e-01,1.5646e-02,1.3789e-01,1.5351e-02,6.4039e-03,4.1504e-01,4.7413e-02
1.2512e-01,1.0116e-01,1.0091e-02,1.7032e-01,2.1532e-02,1.1386e-01,6.7627e-03,1.0792e-02,4.1933e-01,2.1030e-02
1.0077e-01,1.0373e-01,1.0443e-02,2.0700e-01,1.5733e-02,1.0275e-01,1.3550e-02,7.2423e-03,4.0249e-01,3.6292e-02
1.4336e-01,1.0118e-01,4.2123e-03,1.8400e-01,8.4814e-03,1.1248e-01,2.9807e-03,4.6861e-03,4.1536e-01,2.3263e-02
1.0918e-01,1.1192e-01,4.5682e-03,1.9502e-01,2.1478e-02,1.0115e-01,9.2741e-03,2.5337e-02,3.9598e-01,2.6087e-02
9.6882e-02,1.0638e-01,1.3964e-02,1.5533e-01,5.2612e-03,1.1698e-01,2.3857e-02,2.8621e-03,4.3888e-01,3.9603e-02
1.5235e-01,9.9690e-02,1.5762e-02,1.5975e-01,2.3732e-02,1.1260e-01,1.5076e-02,1.2160e-02,3.7412e-01,3.4762e-02
1.2359e-01,9.1298e-02,2.2777e-02,1.5722e-01,1.0535e-02,1.2671e-01,6.6679e-03,7.3053e-03,4.3410e-01,1.9806e-02
1.2697e-01,6.0832e-02,1.5789e-02,1.4875e-01,2.0731e-02,1.0100e-01,2.1306e-03,9.4170e-04,5.0210e-01,2.0756e-02
1.2212e-01,9.2766e-02,1.9033e-02,1.4600e-01,1.3008e-02,1.5013e-01,7.4306e-03,9.1910e-03,4.2152e-01,1.8802e-02
1.1740e-01,1.2220e-01,1.3638e-02,1.8752e-01,1.1895e-02,1.5736e-01,2.6797e-03,1.2161e-03,3.7022e-01,1.5869e-02
7.0641e-02,1.0441e-01,1.3776e-02,1.9459e-01,1.2234e-02,1.2783e-01,1.0686e-02,7.9325e-03,4.2248e-01,3.5420e-02
1.3353e-01,1.0541e-01,1.5513e-02,1.3004e-01,9.4462e-03,1.3106e-01,1.1664e-02,7.6113e-03,4.3171e-01,2.4016e-02
1.5936e-01,9.3141e-02,1.2371e-02,2.3758e-01,4.3916e-03,1.1479e-01,8.0913e-03,2.2968e-03,3.3634e-01,3.1651e-02
1.2462e-01,1.0945e-01,1.5368e-02,1.6466e-01,1.4480e-02,9.7411e-02,1.9710e-03,5.5721e-03,4.3271e-01,3.3766e-02
1.0227e-01,8.3091e-02,1.1628e-02,1.4551e-01,5.3167e-03,9.9417e-02,8.1287e-03,9.2456e-03,5.1577e-01,1.9636e-02
1.1474e-01,1.0648e-01,5.6288e-03,1.7323e-01,2.0168e-02,1.2353e-01,1.9061e-02,4.3976e-03,4.0623e-01,2.6548e-02
1.0789e-01,1.4273e-01,2.9697e-03,1.6786e-01,3.2573e-03,1.2484e-01,1.5263e-02,1.6175e-02,3.7559e-01,4.3424e-02
1.1904e-01,1.3407e-01,2.5296e-03,1.7219e-01,5.1240e-03,1.5175e-01,1.5116e-02,2.3204e-03,3.6475e-01,3.3123e-02
1.1623e-01,1.2226e-01,1.0113e-02,1.8764e-01,3.2226e-02,7.9238e-02,4.9707e-03,1.3576e-02,3.8744e-01,4.6306e-02
1.2263e-01,9.6909e-02,1.4765e-02,1.4837e-01,2.1658e-02,1.1685e-01,4.4307e-03,8.2252e-03,4.1354e-01,5.2628e-02
1.7341e-01,1.0891e-01,8.2920e-03,1.2425e-01,3.2660e-02,9.6023e-02,1.4180e-02,1.7885e-03,4.2282e-01,1.7665e-02
1.5168e-01,1.2981e-01,2.9131e-02,1.4759e-01,6.0248e-03,1.3252e-01,2.7405e-03,1.8708e-03,3.6316e-01,3.5479e-02
9.6735e-02,1.1714e-01,1.5558e-02,1.6940e-01,3.6854e-03,1.0050e-01,1.4343e-02,1.7830e-03,4.4440e-01,3.6460e-02
1.2105e-01,1.1620e-01,1.0240e-02,1.8150e-01,1.0060e-02,8.1063e-02,1.2778e-02,4.4642e-03,4.1124e-01,5.1401e-02
1.5509e-01,8.0552e-02,1.4793e-02,1.0968e-01,1.2358e-02,1.4015e-01,1.6273e-02,2.6243e-03,4.6443e-01,4.0483e-03
1.5606e-01,5.5487e-02,1.9077e-02,1.8107e-01,6.8036e-03,1.2070e-01,1.5983e-03,2.6125e-03,4.3315e-01,2.3444e-02
1.0583e-01,1.3546e-01,1.6337e-02,1.6426e-01,7.1340e-03,1.0010e-01,1.2521e-02,2.7024e-03,4.4210e-01,1.3553e-02
1.2585e-01,1.0872e-01,1.2818e-02,1.5641e-01,1.5053e-02,1.0507e-01,1.6021e-02,3.4583e-03,4.3368e-01,2.2915e-02
1.0907e-01,7.0381e-02,9.5122e-03,1.8389e-01,5.9202e-03,7.9302e-02,1.3252e-02,1.0279e-03,4.9517e-01,3.2469e-02
1.4305e-01,1.0089e-01,1.1927e-02,1.6647e-01,9.4131e-03,1.0613e-01,1.2944e-02,9.2218e-04,4.2636e-01,2.1895e-02
1.1958e-01,6.1806e-02,7.0175e-03,1.6609e-01,1.1524e-02,1.5378e-01,1.4300e-02,2.2266e-03,4.2033e-01,4.3355e-02
1.3811e-01,1.4570e-01,2.0707e-02,1.6002e-01,9.9910e-03,6.7945e-02,7.1775e-03,1.7572e-03,4.4322e-01,5.3745e-03
1.4759e-01,1.1136e-01,8.9524e-03,1.5141e-01,3.3341e-03,7.9341e-02,2.1983e-02,2.1478e-03,4.4776e-01,2.6129e-02
1.3125e-01,1.1603e-01,2.1065e-02,1.6508e-01,1.1157e-02,9.3925e-02,1.5993e-02,1.8626e-03,4.2265e-01,2.0992e-02
1.1782e-01,1.2108e-01,1.5953e-02,1.5283e-01,1.0734e-02,1.1991e-01,6.7081e-03,2.9377e-03,4.2763e-01,2.4394e-02
1.6441e-01,1.1080e-01,1.6374e-02,1.7518e-01,8.7648e-03,7.3236e-02,1.1692e-02,1.2191e-03,4.1700e-01,2.1314e-02
1.1433e-01,1.3678e-01,1.6782e-02,1.9042e-01,3.0858e-02,7.5507e-02,9.8711e-03,1.2900e-02,3.7499e-01,3.7560e-02
1.3641e-01,1.0524e-01,7.3394e-03,1.9015e-01,7.3927e-03,1.2687e-01,1.8430e-02,5.9753e-04,3.9591e-01,1.1674e-02
1.8207e-01,8.8370e-02,6.8021e-03,1.6615e-01,1.0081e-02,8.7194e-02,3.4582e-03,6.4232e-03,4.1394e-01,3.5511e-02
1.3496e-01,1.3098e-01,2.4595e-02,1.4725e-01,1.0353e-02,9.8664e-02,1.4396e-02,1.2389e-02,4.0132e-01,2.5090e-02
1.3494e-01,1.6309e-01,9.4973e-03,1.6376e-01,1.1515e-02,8.5718e-02,1.5443e-02,5.9478e-03,3.9853e-01,1.1548e-02
1.4549e-01,1.0175e-01,1.5352e-03,1.4576e-01,9.0063e-03,1.1790e-01,5.8355e-03,6.4496e-04,4.4478e-01,2.7309e-02
1.2565e-01,1.2853e-01,1.0991e-02,1.7979e-01,6.8595e-03,1.1857e-01,1.1411e-02,1.2848e-03,4.0565e-01,1.1273e-02
1.2986e-01,1.2808e-01,2.2023e-02,1.2931e-01,5.2649e-03,1.0847e-01,1.8202e-03,1.1391e-03,4.5191e-01,2.2120e-02
1.0926e-01,1.8413e-01,2.3861e-02,1.6980e-01,3.1386e-03,1.0338e-01,5.0419e-03,1.5570e-03,3.8978e-01,1.0060e-02
9.4558e-02,1.3855e-01,2.7943e-02,2.2477e-01,7.9962e-03,1.2274e-01,5.0921e-03,2.8587e-04,3.6905e-01,9.0084e-03
1.3574e-01,8.6087e-02,1.3089e-02,1.8665e-01,8.5027e-03,9.5840e-02,4.2900e-03,8.3260e-03,4.4483e-01,1.6647e-02
9.5396e-02,1.1321e-01,8.0737e-03,2.2117e-01,9.3587e-03,1.2716e-01,1.6231e-02,2.6983e-03,3.7734e-01,2.9361e-02
8.4421e-02,1.1908e-01,1.5679e-02,1.6477e-01,6.8117e-03,1.2612e-01,1.8590e-03,1.8905e-03,4.6588e-01,1.3486e-02
1.2628e-01,1.2686e-01,1.1309e-02,1.7715e-01,8.8988e-03,1.0208e-01,1.3949e-02,1.3621e-02,3.9516e-01,2.4707e-02
1.0676e-01,9.2800e-02,1.0184e-02,1.4274e-01,1.7563e-02,1.2316e-01,9.7556e-03,4.2931e-03,4.5993e-01,3.2823e-02
1.3036e-01,1.0796e-01,1.2736e-02,2.1473e-01,1.2636e-02,6.4894e-02,4.4377e-03,9.0845e-03,4.2963e-01,1.3538e-02
1.4436e-01,1.8733e-01,7.7889e-03,1.7069e-01,1.4965e-02,9.4090e-02,8.2625e-03,2.9668e-03,3.5799e-01,1.1557e-02
1.1433e-01,1.7405e-01,7.3030e-03,1.8458e-01,4.2964e-03,1.1135e-01,1.4350e-02,1.1852e-02,3.6580e-01,1.2092e-02
1.3746e-01,1.3917e-01,5.5446e-03,1.9582e-01,5.5753e-04,1.0678e-01,7.5502e-03,1.1623e-03,3.9483e-01,1.1132e-02
1.3360e-01,1.2879e-01,1.2875e-02,1.8550e-01,3.9651e-03,7.2630e-02,8.9370e-04,4.3624e-03,4.3481e-01,2.2588e-02
1.1788e-01,1.2434e-01,6.2765e-03,1.7314e-01,1.9132e-02,8.8303e-02,6.6371e-03,4.0348e-03,4.4559e-01,1.4660e-02
1.4962e-01,1.2596e-01,4.6502e-03,1.8400e-01,1.0059e-02,7.1246e-02,1.3219e-02,3.9514e-03,4.3135e-01,5.9536e-03
1.5100e-01,1.3142e-01,5.3498e-03,1.2823e-01,7.6870e-03,9.5729e-02,7.5467e-03,6.7770e-03,4.4104e-01,2.5223e-02
1.6901e-01,1.3052e-01,9.0564e-03,1.6222e-01,1.0453e-02,1.2309e-01,7.4616e-03,1.1029e-02,3.5071e-01,2.6456e-02
1.1871e-01,1.3465e-01,2.6573e-02,1.6816e-01,4.5812e-03,1.0497e-01,7.6633e-03,2.2291e-03,4.2634e-01,6.1352e-03
1.1542e-01,1.2173e-01,2.4251e-02,1.9779e-01,4.7602e-03,1.0419e-01,6.9399e-03,1.1889e-02,3.9686e-01,1.6181e-02
1.4592e-01,1.0579e-01,9.1342e-03,1.6364e-01,6.9369e-03,1.1897e-01,1.0117e-02,1.1061e-03,4.2882e-01,9.5715e-03
1.1099e-01,1.0022e-01,8.4339e-04,1.4269e-01,1.0614e-02,6.2500e-02,8.5197e-03,5.5651e-03,5.3168e-01,2.6381e-02
8.0055e-02,1.8755e-01,1.1372e-02,1.4522e-01,5.9556e-03,9.0435e-02,1.0772e-02,1.3970e-03,4.5062e-01,1.6629e-02
1.1233e-01,1.4545e-01,2.9087e-02,1.8309e-01,2.3958e-02,8.4642e-02,1.2749e-02,5.8462e-03,3.8724e-01,1.5617e-02
1.1709e-01,1.4264e-01,5.3188e-03,1.2821e-01,3.9448e-04,1.4140e-01,4.3941e-03,2.1801e-03,4.2272e-01,3.5659e-02
1.1065e-01,1.1861e-01,2.3915e-02,1.7140e-01,1.0518e-02,9.3615e-02,1.1114e-02,6.7444e-03,4.3293e-01,2.0504e-02
1.7246e-01,9.9849e-02,1.8016e-02,1.7410e-01,1.9908e-02,8.7665e-02,6.2374e-03,4.3589e-03,3.9892e-01,1.8483e-02
1.6372e-01,1.0843e-01,1.3175e-02,1.4078e-01,8.9559e-03,1.1724e-01,1.1029e-02,5.3229e-04,4.1222e-01,2.3915e-02
1.3137e-01,1.2262e-01,8.4861e-03,1.6728e-01,2.1099e-02,1.4756e-01,4.4031e-03,1.0572e-03,3.8384e-01,1.2286e-02
1.1435e-01,1.1586e-01,1.9555e-03,1.4321e-01,1.3729e-02,1.1757e-01,1.4180e-02,9.8893e-03,4.4180e-01,2.7453e-02
9.3725e-02,1.3568e-01,5.2094e-03,1.4125e-01,1.5159e-02,9.9111e-02,1.1615e-02,6.6484e-03,4.7076e-01,2.0845e-02
1.4466e-01,9.8661e-02,1.2947e-02,1.6116e-01,1.5921e-02,1.0520e-01,1.5104e-02,2.3850e-03,4.1490e-01,2.9062e-02
1.7021e-01,1.2869e-01,1.5543e-02,1.8059e-01,1.1650e-02,7.8231e-02,3.4534e-03,3.6661e-03,3.8658e-01,2.1385e-02
1.3220e-01,1.2622e-01,1.6823e-03,1.6903e-01,2.9430e-03,1.0307e-01,1.4393e-03,9.2424e-04,4.4395e-01,1.8542e-02
1.5208e-01,1.2910e-01,6.0969e-03,1.2650e-01,2.2674e-03,1.2406e-01,3.8947e-03,7.9522e-03,4.1158e-01,3.6485e-02
1.9577e-01,1.3865e-01,1.5739e-02,1.3343e-01,2.8715e-04,5.9917e-02,1.6192e-02,5.8723e-03,4.1406e-01,2.0073e-02
1.5478e-01,1.4022e-01,4.3092e-03,1.2249e-01,2.3928e-02,1.0562e-01,9.8361e-03,3.7078e-03,4.2386e-01,1.1260e-02
9.8430e-02,1.4034e-01,4.1109e-03,1.2828e-01,3.2694e-03,1.0236e-01,1.5029e-02,2.1282e-03,4.8409e-01,2.1964e-02
1.3162e-01,1.3120e-01,7.4130e-03,1.4176e-01,1.4492e-02,1.2048e-01,5.7864e-03,7.0885e-04,4.3624e-01,1.0301e-02
1.5271e-01,1.4401e-01,9.1640e-03,1.4639e-01,8.0298e-04,1.2668e-01,1.8463e-02,2.4149e-03,3.8134e-01,1.8033e-02
1.4046e-01,1.5395e-01,1.7503e-02,1.6207e-01,1.2881e-02,8.6119e-02,2.8710e-03,5.0935e-03,4.0679e-01,1.2270e-02
1.6528e-01,1.2893e-01,1.8571e-02,1.3031e-01,1.0217e-02,1.1293e-01,4.8563e-03,4.3141e-03,3.9371e-01,3.0887e-02
9.6427e-02,1.2252e-01,8.6360e-03,1.9169e-01,1.1278e-02,9.8280e-02,2.1597e-02,3.0626e-03,4.2387e-01,2.2636e-02
1.1356e-01,1.4376e-01,9.5690e-03,1.5337e-01,3.8293e-03,1.0181e-01,1.0168e-02,6.2762e-03,4.3882e-01,1.8841e-02
1.1359e-01,1.8072e-01,9.3035e-04,1.4874e-01,6.2497e-03,1.0102e-01,7.7750e-03,3.0547e-04,4.1395e-01,2.6706e-02
1.0206e-01,1.7440e-01,1.2172e-02,1.3617e-01,6.9469e-03,9.2285e-02,8.2584e-03,3.9001e-03,4.4916e-01,1.4646e-02
1.1143e-01,1.3089e-01,1.1496e-02,1.3406e-01,8.3859e-04,8.4004e-02,1.2672e-02,8.3338e-03,4.9169e-01,1.4593e-02
9.8191e-02,1.8034e-01,1.7877e-02,1.3126e-01,5.5898e-03,7.0099e-02,1.1343e-02,1.1313e-03,4.7196e-01,1.2204e-02
1.5873e-01,1.4988e-01,9.6167e-03,1.4374e-01,2.0467e-02,9.4164e-02,1.3822e-02,1.2506e-02,3.8093e-01,1.6150e-02
1.5600e-01,1.2198e-01,1.0310e-02,1.5250e-01,2.3665e-02,9.4316e-02,5.4634e-03,1.2258e-03,4.0751e-01,2.7028e-02
1.3100e-01,1.2236e-01,1.9537e-02,1.6533e-01,2.4034e-03,6.7961e-02,8.3403e-03,5.3411e-03,4.5465e-01,2.3083e-02
1.0715e-01,1.8561e-01,1.9191e-02,1.2484e-01,2.6221e-03,7.9532e-02,7.7819e-03,3.1492e-03,4.5514e-01,1.4989e-02
8.5976e-02,1.2937e-01,5.6752e-03,1.3180e-01,1.0872e-02,1.0869e-01,1.2477e-02,8.4189e-03,4.9397e-01,1.2758e-02
1.2475e-01,1.0140e-01,2.1205e-03,1.5971e-01,2.5823e-03,1.1332e-01,2.3884e-02,4.0019e-03,4.6538e-01,2.8608e-03
1.1017e-01,1.7913e-01,1.6863e-03,1.5051e-01,7.4831e-03,9.6983e-02,4.7189e-03,1.7441e-03,4.2603e-01,2.1543e-02
1.0978e-01,9.0437e-02,4.7630e-03,1.6915e-01,4.6378e-03,9.6346e-02,7.3294e-03,5.4553e-03,5.0137e-01,1.0732e-02
1.7129e-01,1.7039e-01,4.7116e-03,1.3814e-01,1.2392e-02,1.0225e-01,4.8283e-03,4.3138e-03,3.6911e-01,2.2582e-02
1.0528e-01,1.3022e-01,4.1138e-03,1.9690e-01,1.9020e-02,8.0166e-02,5.1758e-03,4.3051e-03,4.3826e-01,1.6553e-02
1.3865e-01,1.5019e-01,7.7006e-03,9.6951e-02,7.7987e-03,9.7599e-02,4.2351e-03,7.3154e-03,4.8029e-01,9.2726e-03
1.1408e-01,1.1821e-01,1.0453e-02,1.4401e-01,1.3906e-03,8.3547e-02,1.4695e-02,1.4675e-02,4.8958e-01,9.3545e-03
1.1191e-01,1.9389e-01,1.2328e-03,1.5403e-01,1.7426e-02,1.0642e-01,1.0273e-03,1.7391e-03,4.0399e-01,8.3327e-03
1.0069e-01,1.5773e-01,1.2751e-02,1.6236e-01,9.8241e-04,9.7379e-02,1.9908e-02,1.9033e-03,4.3212e-01,1.4186e-02
1.1676e-01,1.5949e-01,1.8059e-02,1.2569e-01,7.9441e-03,9.0427e-02,1.3892e-02,5.4589e-04,4.5859e-01,8.6029e-03
1.2801e-01,1.9168e-01,1.9928e-03,1.1283e-01,4.2747e-03,9.2103e-02,1.3436e-02,5.1162e-03,4.3737e-01,1.3191e-02
1.0845e-01,1.8600e-01,3.9064e-04,1.6577e-01,5.9197e-03,7.8132e-02,2.7347e-03,6.8510e-03,4.3934e-01,6.4094e-03
1.3437e-01,1.7132e-01,5.7190e-03,1.3805e-01,7.6101e-05,1.3346e-01,8.9198e-03,1.7213e-03,3.9808e-01,8.2967e-03
1.2720e-01,1.5187e-01,1.4081e-02,1.5468e-01,1.2033e-02,1.0100e-01,1.0686e-02,3.8181e-03,4.1783e-01,6.8011e-03
1.0992e-01,2.1342e-01,1.2932e-02,1.3459e-01,7.8013e-04,5.3280e-02,3.2147e-03,1.2089e-02,4.4243e-01,1.7345e-02
1.3997e-01,1.6556e-01,1.3763e-03,1.4828e-01,5.9364e-05,7.8099e-02,4.6755e-03,1.5364e-03,4.5190e-01,8.5505e-03
1.7659e-01,1.8553e-01,4.3889e-03,1.0554e-01,5.4597e-04,7.4525e-02,4.5038e-04,4.4567e-03,4.3223e-01,1.5751e-02
1.2301e-01,1.6327e-01,1.3811e-03,1.3957e-01,4.0937e-03,8.9468e-02,1.4501e-02,6.9510e-03,4.4937e-01,8.3807e-03
1.0409e-01,1.8322e-01,1.3731e-02,1.8949e-01,1.3100e-03,6.9985e-02,7.9177e-04,1.0726e-03,4.2577e-01,1.0550e-02
1.1205e-01,1.5116e-01,1.1918e-02,1.3715e-01,1.2968e-03,9.6812e-02,1.1488e-02,3.4238e-03,4.6718e-01,7.5246e-03
1.0184e-01,1.5619e-01,3.4389e-03,1.6259e-01,2.2820e-03,8.4440e-02,1.3518e-02,6.3909e-04,4.6202e-01,1.3035e-02
1.5544e-01,1.6718e-01,6.8560e-03,1.5337e-01,2.1338e-04,7.8389e-02,7.8624e-03,2.3197e-03,4.1814e-01,1.0231e-02
1.0811e-01,2.1441e-01,5.1798e-03,1.0608e-01,7.9476e-04,1.3886e-01,1.8163e-02,4.4846e-03,3.9844e-01,5.4836e-03
1.1800e-01,2.0064e-01,2.0827e-03,1.2699e-01,2.2386e-03,9.5879e-02,1.7017e-03,2.5443e-03,4.3395e-01,1.5968e-02
1.3304e-01,1.6449e-01,1.1315e-02,1.2550e-01,4.6021e-03,8.5735e-02,1.5171e-02,2.1073e-03,4.5078e-01,7.2632e-03
9.4966e-02,1.7199e-01,8.2184e-03,1.4858e-01,1.0409e-02,9.7377e-02,5.8633e-03,2.2371e-03,4.4058e-01,1.9779e-02
1.5777e-01,1.8999e-01,4.7876e-03,1.4530e-01,5.1029e-03,6.6292e-02,6.3965e-03,9.8951e-03,4.1030e-01,4.1692e-03
1.2096e-01,2.0285e-01,8.7658e-04,1.2835e-01,1.0068e-02,9.2059e-02,2.2262e-02,3.4419e-04,4.0807e-01,1.4160e-02
8.5981e-02,1.7026e-01,1.0819e-02,1.5848e-01,7.4342e-03,7.3170e-02,1.2599e-02,6.5935e-03,4.5197e-01,2.2689e-02
1.5160e-01,2.1922e-01,1.4418e-02,1.5963e-01,3.1564e-03,5.0645e-02,1.1861e-02,4.3198e-03,3.6967e-01,1.5474e-02
1.4742e-01,1.8472e-01,9.7864e-03,9.8659e-02,8.6545e-04,8.8038e-02,1.1027e-02,5.2882e-03,4.4636e-01,7.8371e-03
1.2664e-01,1.7960e-01,1.0667e-02,1.3132e-01,4.7720e-03,8.8105e-02,7.3767e-03,1.4874e-04,4.5043e-01,9.4413e-04
1.1698e-01,1.4471e-01,7.6462e-03,1.4257e-01,5.2638e-03,6.9104e-02,4.7069e-03,2.6574e-03,5.0116e-01,5.1953e-03
1.2141e-01,1.6899e-01,9.5829e-03,1.6708e-01,5.3518e-03,1.2715e-01,8.0735e-03,2.7236e-03,3.8034e-01,9.2984e-03
1.6011e-01,1.6888e-01,1.5480e-02,1.2114e-01,3.5164e-05,1.1123e-01,1.0642e-02,3.9967e-03,3.9886e-01,9.6248e-03
7.0238e-02,1.9071e-01,4.0635e-03,1.1778e-01,8.0149e-03,1.0292e-01,5.8100e-03,2.5750e-03,4.8699e-01,1.0907e-02
1.0135e-01,1.7463e-01,1.5506e-03,1.2648e-01,7.0031e-03,7.5106e-02,1.0269e-02,6.3014e-03,4.7846e-01,1.8850e-02
1.4132e-01,2.0195e-01,1.9634e-02,1.2605e-01,8.8657e-05,1.0186e-01,2.7039e-03,2.3927e-03,3.8980e-01,1.4208e-02
1.3836e-01,1.3846e-01,9.2804e-04,1.3809e-01,5.4066e-05,6.3369e-02,9.2645e-03,4.2515e-03,4.8744e-01,1.9791e-02
1.5007e-01,1.9880e-01,1.0741e-02,1.4742e-01,1.8296e-04,4.4127e-02,4.9851e-03,1.2694e-03,4.3495e-01,7.4469e-03
1.1252e-01,1.6305e-01,5.6956e-03,1.6444e-01,1.2736e-02,7.9057e-02,4.1574e-03,4.2378e-03,4.3931e-01,1.4795e-02
1.2282e-01,1.7459e-01,1.0441e-02,1.1803e-01,5.8939e-03,9.2384e-02,1.8098e-02,6.4311e-03,4.3730e-01,1.4012e-02
1.1534e-01,2.0546e-01,5.2225e-03,1.3518e-01,5.8387e-03,8.1034e-02,1.1912e-02,3.2089e-03,4.2235e-01,1.4460e-02
1.0645e-01,1.6681e-01,1.0866e-02,1.5780e-01,1.6683e-03,1.0091e-01,5.8189e-03,9.9391e-04,4.4002e-01,8.6591e-03
1.2658e-01,2.1735e-01,3.4062e-02,1.1438e-01,1.8011e-03,7.3354e-02,1.7480e-02,1.4704e-03,4.0607e-01,7.4530e-03
1.3738e-01,1.5750e-01,8.7549e-03,1.1946e-01,6.5776e-03,9.0218e-02,1.0496e-02,1.7726e-03,4.5316e-01,1.4687e-02
1.0848e-01,1.6469e-01,6.1043e-03,1.5628e-01,5.2013e-03,5.9998e-02,9.6229e-03,1.9763e-03,4.8131e-01,6.3255e-03
1.0076e-01,1.8826e-01,5.9216e-03,1.6083e-01,5.8224e-03,9.0481e-02,1.2327e-02,8.1842e-04,4.2450e-01,1.0283e-02
1.5091e-01,2.2696e-01,7.5519e-03,1.1107e-01,2.8014e-03,5.8586e-02,8.9548e-03,1.2647e-03,4.1382e-01,1.8092e-02
8.8585e-02,1.8237e-01,1.1854e-03,1.6587e-01,4.3154e-03,1.0018e-01,8.1195e-03,1.8041e-03,4.3864e-01,8.9393e-03
1.5067e-01,1.5933e-01,2.6010e-03,1.6874e-01,1.2247e-02,1.0093e-01,1.4060e-02,3.1192e-03,3.7858e-01,9.7124e-03
8.6021e-02,1.9709e-01,1.4570e-03,1.4002e-01,1.2891e-03,1.0845e-01,1.2150e-02,1.0869e-03,4.3636e-01,1.6085e-02
9.3142e-02,2.1960e-01,7.2171e-04,1.6586e-01,5.1487e-05,8.6039e-02,1.2665e-03,1.4895e-03,4.2611e-01,5.7221e-03
1.5401e-01,1.9603e-01,1.6999e-02,1.1308e-01,3.0046e-04,8.7202e-02,8.5542e-03,6.1009e-04,4.0806e-01,1.5154e-02
1.1907e-01,2.5903e-01,5.1027e-03,1.4760e-01,8.6421e-03,5.1762e-02,5.1280e-03,1.4086e-03,3.9471e-01,7.5519e-03
1.1016e-01,2.2202e-01,3.4613e-03,1.4335e-01,1.0367e-02,9.4983e-02,1.2762e-02,6.5148e-03,3.8944e-01,6.9406e-03
9.8674e-02,2.5947e-01,3.2803e-03,1.1321e-01,4.6208e-03,6.2718e-02,7.4914e-03,1.8894e-03,4.3712e-01,1.1529e-02
1.2610e-01,2.6344e-01,5.6369e-03,1.2866e-01,1.2636e-04,7.5089e-02,6.6669e-03,2.5385e-03,3.8298e-01,8.7654e-03
1.0340e-01,1.9389e-01,5.4150e-03,1.4444e-01,1.3080e-02,7.8405e-02,1.3841e-02,2.4154e-03,4.3941e-01,5.6969e-03
7.2290e-02,1.5945e-01,1.6202e-03,1.4768e-01,9.0639e-04,9.8327e-02,7.5622e-03,3.3675e-03,5.0094e-01,7.8577e-03
1.1965e-01,2.2394e-01,8.2536e-03,1.0776e-01,2.1469e-05,4.7011e-02,1.3009e-02,1.2675e-03,4.7704e-01,2.0513e-03
1.0463e-01,2.6549e-01,6.8822e-03,1.3402e-01,3.9800e-04,8.2203e-02,8.1468e-03,2.9229e-03,3.9294e-01,2.3660e-03
1.1146e-01,2.2822e-01,8.9518e-03,1.1170e-01,4.6301e-03,4.6674e-02,4.3167e-03,3.0980e-03,4.7095e-01,9.9962e-03
1.1927e-01,2.2927e-01,6.1551e-03,9.6390e-02,7.7374e-03,1.1120e-01,6.1360e-03,1.1695e-03,4.2052e-01,2.1497e-03
9.0398e-02,2.5875e-01,1.0975e-03,1.1579e-01,6.7842e-03,7.7127e-02,6.2916e-03,4.8901e-03,4.3319e-01,5.6781e-03
1.2035e-01,2.4688e-01,1.9987e-03,1.4680e-01,3.7692e-03,1.1370e-01,3.5438e-04,5.2900e-04,3.5474e-01,1.0886e-02
1.1554e-01,2.3585e-01,4.7353e-03,1.2715e-01,2.0082e-05,7.1945e-02,1.6363e-02,3.0777e-03,4.2364e-01,1.6889e-03
9.9525e-02,2.3186e-01,1.9874e-02,1.5674e-01,5.2903e-05,4.7427e-02,1.2941e-03,2.0237e-03,4.3564e-01,5.5520e-03
9.1499e-02,2.4511e-01,4.1406e-03,1.3839e-01,9.5021e-05,6.4935e-02,3.0125e-03,3.7381e-04,4.4352e-01,8.9268e-03
7.9574e-02,1.9130e-01,5.0793e-03,1.7758e-01,5.3671e-03,4.1968e-02,1.7660e-03,2.5187e-03,4.8948e-01,5.3673e-03
1.0502e-01,2.2992e-01,2.2955e-03,1.3047e-01,8.1515e-03,1.1368e-01,1.7381e-02,5.4460e-03,3.8234e-01,5.2988e-03
9.4018e-02,3.0649e-01,2.8529e-03,1.5072e-01,4.7767e-05,4.5940e-02,8.1170e-03,2.0276e-03,3.8661e-01,3.1726e-03
1.3001e-01,2.3748e-01,1.1007e-02,1.4240e-01,4.4979e-04,7.3760e-02,6.8048e-03,5.9267e-03,3.8770e-01,4.4559e-03
1.0901e-01,2.4973e-01,1.3012e-02,1.3229e-01,7.5754e-03,5.2319e-02,7.6661e-03,1.4177e-03,4.1124e-01,1.5738e-02
1.0518e-01,2.5406e-01,3.7522e-03,1.3397e-01,2.7905e-03,6.7348e-02,9.5313e-03,5.2582e-04,4.1764e-01,5.2088e-03
1.1665e-01,2.2722e-01,7.5481e-03,1.7953e-01,1.0487e-03,6.0546e-02,1.3855e-02,9.7588e-04,3.7774e-01,1.4885e-02
9.9484e-02,2.2150e-01,3.4946e-03,1.2277e-01,6.9286e-03,6.2518e-02,2.4866e-03,1.1598e-03,4.5837e-01,2.1288e-02
7.8583e-02,2.6799e-01,8.4058e-03,1.3653e-01,4.8319e-05,7.3094e-02,4.6279e-03,6.8969e-04,4.2040e-01,9.6364e-03
1.0522e-01,2.2472e-01,2.5261e-03,1.0173e-01,6.1063e-03,7.3047e-02,3.1617e-03,4.1422e-03,4.7155e-01,7.7957e-03
9.1578e-02,2.4202e-01,4.0838e-03,1.0579e-01,2.3943e-04,5.4382e-02,9.8894e-03,2.6662e-03,4.7849e-01,1.0868e-02
1.2798e-01,2.8800e-01,7.8985e-04,1.2049e-01,5.7387e-04,7.0088e-02,1.0549e-02,2.1727e-03,3.7306e-01,6.2948e-03
1.1043e-01,3.0896e-01,4.4521e-03,1.0837e-01,6.9738e-03,4.3586e-02,4.3264e-03,1.5891e-03,4.0293e-01,8.3803e-03
1.1303e-01,2.4350e-01,7.4074e-04,1.4181e-01,4.9852e-03,6.1104e-02,7.6528e-03,5.4577e-03,4.1597e-01,5.7486e-03
1.1245e-01,2.3706e-01,4.4808e-03,1.1610e-01,2.5175e-03,5.1687e-02,6.9679e-03,5.6573e-03,4.3846e-01,2.4610e-02
9.0564e-02,2.2076e-01,3.4924e-03,1.3456e-01,2.5545e-03,6.1300e-02,4.4064e-03,7.9867e-03,4.6483e-01,9.5457e-03
9.3904e-02,2.6651e-01,2.7994e-03,1.4859e-01,5.4572e-03,6.3338e-02,3.7205e-03,7.6570e-04,4.1380e-01,1.1164e-03
1.1364e-01,2.3834e-01,1.6827e-03,1.5177e-01,5.6209e-03,5.8691e-02,8.1586e-03,3.0714e-04,4.2116e-01,6.2995e-04
1.0501e-01,2.8391e-01,6.1483e-03,1.4039e-01,2.4099e-03,9.0749e-02,2.5151e-03,6.0025e-03,3.4891e-01,1.3951e-02
1.0279e-01,2.1593e-01,6.8654e-03,1.5970e-01,5.4002e-04,6.9206e-02,1.0078e-03,1.4198e-03,4.3586e-01,6.6819e-03
9.9656e-02,2.3709e-01,3.3920e-03,1.2377e-01,2.7380e-03,4.3204e-02,8.6374e-03,7.3075e-04,4.7236e-01,8.4174e-03
1.0165e-01,2.7949e-01,1.5517e-03,1.1511e-01,5.2192e-05,6.0512e-02,3.6060e-03,5.1697e-03,4.2798e-01,4.8847e-03
9.4469e-02,3.1852e-01,2.2245e-03,9.4165e-02,1.0173e-03,6.4309e-02,6.1080e-03,4.5039e-03,4.1225e-01,2.4348e-03
1.2122e-01,1.9496e-01,1.0693e-02,1.5882e-01,1.0306e-04,7.8653e-02,5.6734e-03,2.2856e-03,4.2229e-01,5.3087e-03
7.5916e-02,3.3315e-01,1.4387e-04,1.1345e-01,5.0822e-03,2.8061e-02,1.2503e-03,4.7449e-03,4.3256e-01,5.6457e-03
6.2460e-02,2.5664e-01,1.8823e-03,1.4564e-01,2.5470e-04,5.7936e-02,1.9327e-02,3.3369e-03,4.4003e-01,1.2488e-02
9.9800e-02,3.1873e-01,5.6562e-03,9.9892e-02,1.0688e-03,5.9361e-02,1.6082e-02,6.4484e-03,3.8281e-01,1.0150e-02
9.6392e-02,3.0351e-01,2.1083e-03,1.2287e-01,8.1234e-03,5.7911e-02,2.6570e-03,4.6169e-03,4.0074e-01,1.0695e-03
8.9900e-02,3.1594e-01,1.4542e-03,1.4020e-01,3.2029e-05,4.2960e-02,6.5560e-03,4.4260e-03,3.9280e-01,5.7359e-03
8.4118e-02,2.5041e-01,3.3299e-03,1.2630e-01,4.5129e-03,4.3677e-02,6.6163e-03,2.5018e-03,4.7019e-01,8.3481e-03
1.0118e-01,2.5410e-01,3.9056e-04,1.1260e-01,6.0851e-04,8.0411e-02,1.0761e-02,5.7889e-03,4.3191e-01,2.2440e-03
1.1700e-01,2.7676e-01,4.4615e-03,1.2896e-01,1.2986e-03,5.5885e-02,1.1099e-02,3.4087e-03,3.9636e-01,4.7608e-03
8.9181e-02,2.9382e-01,4.5218e-03,1.0279e-01,1.3302e-03,4.9745e-02,1.3034e-02,1.2292e-03,4.3834e-01,6.0020e-03
1.2746e-01,2.6353e-01,8.9284e-03,1.1011e-01,1.8860e-04,7.9393e-02,2.3532e-03,4.1028e-03,3.9666e-01,7.2760e-03
1.1363e-01,2.7357e-01,5.9110e-04,1.2141e-01,5.3187e-04,3.1270e-02,1.4158e-02,4.6634e-03,4.3820e-01,1.9756e-03
1.0003e-01,2.7473e-01,2.6360e-03,1.1869e-01,8.8863e-05,9.7885e-02,7.2536e-03,8.2208e-04,3.9315e-01,4.7217e-03
1.1106e-01,2.4703e-01,3.7139e-03,1.4240e-01,1.1703e-03,7.7174e-02,3.5679e-03,3.5973e-03,4.0509e-01,5.1988e-03
7.7277e-02,3.0829e-01,8.5826e-04,1.0272e-01,3.3844e-04,3.2111e-02,1.3176e-02,1.1313e-03,4.4201e-01,2.2091e-02
9.0601e-02,2.5643e-01,6.7378e-03,1.0363e-01,3.9326e-03,5.7811e-02,9.1836e-03,2.0019e-03,4.5616e-01,1.3510e-02
8.8162e-02,2.8508e-01,9.0398e-04,1.2542e-01,4.9331e-03,4.7333e-02,1.5931e-02,9.3866e-04,4.2860e-01,2.6993e-03
1.0295e-01,3.0016e-01,1.7523e-03,1.0043e-01,4.6521e-04,4.8660e-02,5.0937e-03,2.6434e-03,4.3065e-01,7.1858e-03
6.5868e-02,3.3194e-01,4.9571e-03,1.2092e-01,4.2347e-03,5.2461e-02,4.6513e-03,1.2674e-03,4.0986e-01,3.8412e-03
7.9394e-02,2.8798e-01,9.7990e-04,1.5593e-01,1.8416e-04,6.8487e-02,2.1222e-03,4.8710e-03,3.8774e-01,1.2309e-02
