8.6421e-08,6.4014e-07,8.8428e-01,8.6340e-02,3.9027e-11,5.1040e-03,6.3786e-03,1.7186e-02,7.1532e-04,6.1593e-10
1.8440e-01,1.1149e-03,1.5137e-01,3.9473e-02,2.8409e-04,3.5381e-02,4.8564e-02,7.5418e-03,5.2987e-01,2.0088e-03
5.7500e-02,1.2001e-03,3.6110e-02,6.2369e-02,3.9667e-03,6.2592e-03,3.5093e-02,1.0977e-02,7.2940e-01,5.7121e-02
4.3208e-03,1.9458e-04,5.3790e-03,8.3167e-03,5.5593e-04,8.5248e-03,6.9512e-03,1.2299e-03,9.5811e-01,6.4128e-03
3.5152e-02,1.1717e-02,1.4045e-01,9.8567e-02,1.2281e-02,4.2302e-02,1.7602e-02,2.0863e-02,5.7510e-01,4.5963e-02
3.9377e-02,3.4876e-02,1.6368e-01,8.7461e-02,2.2881e-02,2.4122e-01,2.3610e-02,3.5216e-02,2.9946e-01,5.2212e-02
6.0105e-02,1.4526e-02,1.4435e-02,4.7395e-02,1.6222e-01,9.8576e-02,5.4863e-02,2.7173e-02,3.9853e-01,1.2218e-01
1.6200e-02,3.0072e-03,1.1820e-01,1.6427e-01,1.7497e-01,7.5069e-02,4.3668e-02,2.9012e-02,3.0882e-01,6.6781e-02
6.5301e-02,2.6053e-02,1.5895e-01,9.0169e-02,2.3830e-01,1.2978e-01,3.5583e-02,5.8740e-02,9.3637e-02,1.0349e-01
5.9995e-02,3.7782e-02,1.1906e-01,9.1449e-02,1.7573e-01,2.2080e-01,4.3678e-03,6.0507e-02,1.2951e-01,1.0081e-01
4.8621e-02,3.5807e-02,1.5371e-01,1.8799e-01,6.2734e-02,4.8154e-02,1.3979e-01,3.9653e-02,1.3365e-01,1.4989e-01
8.2814e-02,1.9127e-02,1.3416e-01,1.7056e-01,9.8521e-02,7.1771e-02,2.0277e-01,1.4867e-02,9.4180e-02,1.1123e-01
1.2275e-01,2.5047e-02,2.0284e-01,7.7114e-02,1.1085e-01,1.2969e-01,3.7707e-02,9.4740e-02,1.5115e-01,4.8116e-02
1.3276e-01,6.9699e-02,1.6705e-01,6.8074e-02,6.0515e-02,9.8256e-02,1.5268e-01,7.5241e-02,1.1089e-01,6.4832e-02
8.1375e-02,1.2308e-02,8.6389e-02,2.0485e-01,4.4531e-02,4.0588e-02,9.2298e-02,1.0184e-01,2.6096e-01,7.4869e-02
8.5629e-02,4.3097e-02,8.1559e-02,1.1634e-01,7.7781e-02,1.9829e-01,7.9907e-02,1.8757e-01,6.9299e-02,6.0537e-02
2.1088e-01,1.0477e-01,1.2667e-01,1.6429e-01,2.1238e-02,8.2016e-02,8.9749e-02,1.2593e-01,4.4619e-02,2.9843e-02
8.8304e-02,2.4823e-02,2.0204e-01,9.4262e-02,9.7663e-02,1.8650e-01,1.4541e-01,9.7300e-02,2.3298e-02,4.0393e-02
7.7404e-02,1.1128e-02,2.4272e-01,1.5512e-01,1.1984e-01,2.8190e-02,7.4337e-02,9.3106e-02,1.1172e-01,8.6435e-02
8.1282e-02,2.5834e-02,9.6702e-02,1.1214e-01,1.6433e-01,9.4659e-02,7.1547e-02,4.0068e-02,2.2619e-01,8.7253e-02
2.7376e-02,5.2679e-02,1.0295e-01,1.7554e-01,1.6993e-01,1.2469e-01,6.7307e-02,7.4516e-02,1.6629e-01,3.8718e-02
6.9788e-03,1.3674e-02,1.3496e-01,1.5000e-01,1.3622e-01,1.0982e-01,4.1383e-02,1.7187e-01,1.9868e-01,3.6415e-02
4.5988e-02,5.4024e-02,1.6829e-01,1.9191e-01,1.2452e-01,1.3966e-01,3.6126e-02,5.6199e-02,1.7070e-01,1.2590e-02
6.0029e-02,5.0226e-02,9.7081e-02,1.3439e-01,1.1008e-01,1.0307e-01,4.9063e-02,4.1189e-02,3.0755e-01,4.7314e-02
6.1529e-02,3.2617e-02,1.5860e-01,1.2999e-01,1.7822e-01,1.2013e-01,1.0064e-01,3.5628e-02,1.6321e-01,1.9437e-02
4.4013e-02,4.2797e-02,1.3117e-01,1.5840e-01,8.8355e-02,1.2725e-01,8.3443e-02,7.2480e-02,1.9929e-01,5.2814e-02
4.1564e-02,2.3402e-02,1.1586e-01,1.2798e-01,1.2988e-01,1.2063e-01,7.0260e-02,1.2221e-01,1.5968e-01,8.8535e-02
4.0998e-02,5.5888e-02,1.0630e-01,1.2756e-01,1.5397e-01,4.3654e-02,8.3315e-02,1.3920e-01,2.2327e-01,2.5845e-02
7.9620e-02,9.9321e-03,1.3101e-01,1.5690e-01,8.3320e-02,6.6501e-02,8.5206e-02,8.5167e-02,2.5016e-01,5.2188e-02
7.3686e-02,5.3835e-02,1.3939e-01,1.1763e-01,1.1891e-01,7.5141e-02,5.6976e-02,1.1811e-01,1.9526e-01,5.1066e-02
3.9927e-02,2.0822e-02,1.1648e-01,1.8496e-01,1.2647e-01,8.9461e-02,4.7569e-02,1.4036e-01,1.7235e-01,6.1613e-02
4.9395e-02,1.1643e-02,1.2256e-01,9.2407e-02,1.1026e-01,1.5962e-01,9.6043e-02,7.0511e-02,2.1442e-01,7.3142e-02
4.9897e-02,1.8460e-02,1.1186e-01,1.3103e-01,1.4488e-01,1.0387e-01,7.5749e-02,8.2685e-02,2.1565e-01,6.5920e-02
4.7600e-02,2.2746e-02,1.4103e-01,1.7594e-01,1.3296e-01,7.6657e-02,3.9228e-02,5.2408e-02,2.1405e-01,9.7393e-02
4.9256e-02,1.9041e-02,1.1970e-01,1.3395e-01,9.1229e-02,1.3637e-01,1.0072e-01,8.7717e-02,1.7877e-01,8.3249e-02
9.8396e-02,1.5545e-02,1.3193e-01,1.6640e-01,7.3639e-02,8.7222e-02,5.3615e-02,1.1176e-01,1.9537e-01,6.6120e-02
7.7896e-02,1.2679e-02,1.0915e-01,1.6434e-01,1.6507e-01,1.4451e-01,5.2964e-02,3.2628e-02,1.6405e-01,7.6716e-02
5.8118e-02,2.3185e-02,1.0998e-01,1.4370e-01,1.1930e-01,7.7744e-02,1.2445e-01,9.1320e-02,1.5982e-01,9.2384e-02
1.0008e-01,4.2159e-02,9.8292e-02,1.1449e-01,1.5166e-01,9.9826e-02,7.2678e-02,7.4411e-02,1.7877e-01,6.7638e-02
4.5792e-02,3.8031e-02,7.2271e-02,1.4649e-01,1.1744e-01,1.0752e-01,1.1314e-01,1.0137e-01,1.8507e-01,7.2866e-02
7.2413e-02,3.9913e-02,9.8431e-02,1.5424e-01,1.0340e-01,3.4193e-02,6.5747e-02,1.2602e-01,1.9785e-01,1.0779e-01
7.7482e-02,3.8172e-02,1.1760e-01,1.6682e-01,1.0954e-01,7.5295e-02,9.1946e-02,1.2703e-01,1.4796e-01,4.8156e-02
4.3493e-02,5.8834e-02,9.6124e-02,1.5603e-01,1.1313e-01,1.1122e-01,6.1895e-02,9.7780e-02,2.0556e-01,5.5941e-02
6.9834e-02,3.9894e-02,9.2660e-02,1.4928e-01,1.4515e-01,1.1155e-01,6.0290e-02,1.0674e-01,1.6849e-01,5.6113e-02
5.8616e-02,4.8301e-02,1.2399e-01,1.2297e-01,1.2563e-01,7.3939e-02,9.6707e-02,1.0051e-01,1.4633e-01,1.0301e-01
6.0929e-02,2.4032e-02,1.4875e-01,1.4705e-01,1.0938e-01,9.5843e-02,8.2962e-02,1.0747e-01,1.6082e-01,6.2758e-02
5.8449e-02,5.9944e-02,1.1165e-01,1.1603e-01,1.2533e-01,8.5836e-02,7.6781e-02,1.0713e-01,1.7568e-01,8.3181e-02
8.8962e-02,4.3413e-02,8.9774e-02,1.6130e-01,6.2317e-02,1.1655e-01,1.2252e-01,7.1430e-02,1.5480e-01,8.8927e-02
8.1060e-02,4.8747e-02,1.0993e-01,1.3283e-01,1.2343e-01,8.7506e-02,7.6465e-02,1.0788e-01,1.5405e-01,7.8094e-02
8.9633e-02,4.1194e-02,1.0945e-01,1.6180e-01,1.2232e-01,1.0626e-01,9.5878e-02,1.1758e-01,1.1196e-01,4.3925e-02
6.7494e-02,4.5433e-02,7.6086e-02,1.4588e-01,1.0679e-01,1.0454e-01,8.5333e-02,1.4789e-01,1.3325e-01,8.7300e-02
6.7686e-02,6.9025e-02,1.0817e-01,1.9438e-01,9.2029e-02,9.5453e-02,9.7937e-02,9.3002e-02,1.1098e-01,7.1345e-02
7.8261e-02,4.1683e-02,1.4846e-01,1.3325e-01,8.6429e-02,7.6026e-02,8.3316e-02,1.0912e-01,1.5363e-01,8.9815e-02
6.3069e-02,5.5704e-02,1.3287e-01,1.2280e-01,1.6315e-01,8.5740e-02,7.0202e-02,6.4359e-02,1.3761e-01,1.0449e-01
8.4385e-02,6.9822e-02,1.0082e-01,1.2884e-01,1.1464e-01,7.1976e-02,9.6331e-02,1.1751e-01,1.1433e-01,1.0134e-01
9.1756e-02,6.6502e-02,7.7620e-02,1.4869e-01,9.1705e-02,7.4210e-02,7.6848e-02,1.1989e-01,1.6462e-01,8.8157e-02
6.3267e-02,7.5080e-02,1.1638e-01,1.4048e-01,1.0679e-01,9.4888e-02,8.6259e-02,1.0105e-01,1.2702e-01,8.8791e-02
6.3254e-02,5.8206e-02,1.2674e-01,1.3411e-01,9.8056e-02,7.4190e-02,1.0227e-01,1.1245e-01,1.4395e-01,8.6774e-02
6.2335e-02,6.6272e-02,8.8649e-02,1.6508e-01,7.3804e-02,1.3180e-01,1.1628e-01,6.8907e-02,1.5677e-01,7.0101e-02
6.3672e-02,6.3454e-02,9.4892e-02,1.2913e-01,1.0362e-01,9.9808e-02,1.1014e-01,9.3442e-02,1.3691e-01,1.0494e-01
9.2877e-02,7.4466e-02,1.1672e-01,1.2443e-01,7.8086e-02,8.3556e-02,7.2486e-02,1.1784e-01,1.3528e-01,1.0425e-01
4.7190e-02,5.5464e-02,8.6475e-02,1.2292e-01,7.5489e-02,1.1210e-01,8.5091e-02,1.4431e-01,1.8911e-01,8.1846e-02
8.8297e-02,5.9296e-02,1.2577e-01,8.2263e-02,1.0940e-01,1.0764e-01,7.9670e-02,7.3938e-02,1.4498e-01,1.2875e-01
7.1301e-02,7.5372e-02,9.1865e-02,1.1559e-01,7.3591e-02,1.0136e-01,1.1345e-01,1.2320e-01,1.4122e-01,9.3059e-02
7.6547e-02,8.5072e-02,1.0488e-01,1.2326e-01,6.9991e-02,9.1087e-02,7.2955e-02,1.1984e-01,1.3120e-01,1.2517e-01
6.5255e-02,6.3232e-02,9.5744e-02,1.2821e-01,1.0689e-01,1.1762e-01,1.1354e-01,1.2187e-01,1.2501e-01,6.2633e-02
8.1797e-02,6.2588e-02,9.0956e-02,1.1052e-01,1.1690e-01,7.9407e-02,7.9312e-02,1.4600e-01,1.4517e-01,8.7352e-02
5.4135e-02,5.8195e-02,1.1608e-01,1.4933e-01,8.8851e-02,1.0845e-01,6.0348e-02,1.5591e-01,1.5043e-01,5.8256e-02
8.4995e-02,6.6482e-02,1.1796e-01,1.2307e-01,8.5101e-02,7.4066e-02,1.2028e-01,1.3188e-01,1.0223e-01,9.3944e-02
6.7197e-02,9.2679e-02,1.0673e-01,1.1845e-01,1.1971e-01,5.6627e-02,7.5095e-02,1.1600e-01,1.5602e-01,9.1494e-02
4.6881e-02,8.2460e-02,9.2375e-02,1.3722e-01,9.0376e-02,8.5503e-02,9.4377e-02,1.1070e-01,1.4670e-01,1.1341e-01
6.4628e-02,7.9670e-02,1.0513e-01,1.3967e-01,1.0929e-01,1.0422e-01,6.0119e-02,1.1404e-01,1.3170e-01,9.1541e-02
5.3472e-02,8.5896e-02,8.3099e-02,1.2455e-01,1.2304e-01,8.8893e-02,6.7333e-02,1.5065e-01,1.4944e-01,7.3629e-02
4.9273e-02,8.9448e-02,9.9905e-02,1.1673e-01,8.5686e-02,9.6241e-02,6.8658e-02,1.2642e-01,1.8015e-01,8.7493e-02
6.2251e-02,3.0731e-02,1.1484e-01,1.0214e-01,9.1478e-02,9.7018e-02,9.9382e-02,1.4185e-01,1.1464e-01,1.4568e-01
5.6197e-02,9.2252e-02,9.1076e-02,1.2223e-01,9.4898e-02,8.4477e-02,9.8428e-02,1.0581e-01,1.5568e-01,9.8950e-02
6.5795e-02,9.1579e-02,6.6165e-02,9.2707e-02,1.4086e-01,4.8147e-02,6.5677e-02,1.3555e-01,2.1550e-01,7.8027e-02
5.9781e-02,9.3789e-02,1.0517e-01,1.2890e-01,8.7002e-02,8.8668e-02,8.4860e-02,1.3938e-01,1.4094e-01,7.1504e-02
6.4834e-02,1.1070e-01,9.0360e-02,1.0701e-01,8.7632e-02,6.9340e-02,1.0052e-01,1.2806e-01,1.7796e-01,6.3600e-02
4.6400e-02,8.5900e-02,1.0364e-01,1.1125e-01,7.9444e-02,9.2708e-02,7.6714e-02,1.2349e-01,2.1479e-01,6.5667e-02
5.4685e-02,1.3620e-01,7.6085e-02,9.7750e-02,1.2210e-01,8.3046e-02,5.4195e-02,1.4964e-01,1.1580e-01,1.1050e-01
7.8368e-02,8.8065e-02,9.8539e-02,1.4900e-01,1.1206e-01,6.0617e-02,6.3300e-02,1.3712e-01,1.3156e-01,8.1377e-02
8.3873e-02,7.1007e-02,9.7637e-02,1.4435e-01,9.5370e-02,6.9199e-02,8.3332e-02,8.6074e-02,1.6910e-01,1.0006e-01
4.7978e-02,1.0007e-01,1.0835e-01,1.4525e-01,9.8408e-02,8.3762e-02,6.0079e-02,1.2482e-01,1.4413e-01,8.7155e-02
7.8031e-02,7.1830e-02,9.4739e-02,8.3661e-02,8.7887e-02,8.8477e-02,6.6900e-02,1.4789e-01,1.7357e-01,1.0701e-01
6.3110e-02,8.4987e-02,7.0190e-02,1.2246e-01,1.0621e-01,8.5044e-02,6.6426e-02,1.4526e-01,1.5208e-01,1.0423e-01
4.9210e-02,8.6374e-02,8.5972e-02,1.2456e-01,1.0600e-01,8.9454e-02,8.9219e-02,1.3339e-01,1.4489e-01,9.0938e-02
6.9127e-02,1.0122e-01,1.5545e-01,1.3910e-01,1.0444e-01,5.6631e-02,5.5236e-02,1.0579e-01,1.4163e-01,7.1377e-02
5.9712e-02,9.2990e-02,1.2216e-01,6.9508e-02,1.1931e-01,6.0378e-02,1.2174e-01,1.0856e-01,1.3597e-01,1.0969e-01
4.1025e-02,9.2032e-02,7.6808e-02,1.5097e-01,1.0583e-01,1.0352e-01,8.5677e-02,9.7654e-02,1.7041e-01,7.6070e-02
5.5317e-02,6.7728e-02,8.9550e-02,1.1300e-01,1.0920e-01,1.0923e-01,8.2978e-02,1.4011e-01,1.3164e-01,1.0124e-01
4.9943e-02,8.0511e-02,8.0626e-02,7.0867e-02,1.1506e-01,8.4588e-02,6.9626e-02,1.1883e-01,2.2217e-01,1.0779e-01
6.2529e-02,9.5754e-02,9.3217e-02,1.1411e-01,1.1047e-01,1.0155e-01,8.0731e-02,1.1014e-01,1.3443e-01,9.7058e-02
4.9586e-02,8.6827e-02,6.0055e-02,1.4649e-01,1.2980e-01,9.4786e-02,6.1633e-02,1.5906e-01,1.6224e-01,4.9514e-02
8.5980e-02,1.3167e-01,9.1167e-02,7.5720e-02,9.9152e-02,6.9949e-02,1.0003e-01,9.4611e-02,1.4668e-01,1.0505e-01
4.2126e-02,1.2944e-01,1.2347e-01,9.7686e-02,8.8236e-02,1.1410e-01,8.5966e-02,8.7875e-02,1.5541e-01,7.5699e-02
5.3273e-02,8.8672e-02,6.6341e-02,1.4124e-01,1.2709e-01,8.3473e-02,8.3866e-02,1.1547e-01,1.3780e-01,1.0277e-01
3.0699e-02,9.4779e-02,7.5766e-02,1.3765e-01,9.2273e-02,8.8688e-02,6.9021e-02,1.6682e-01,1.5669e-01,8.7611e-02
4.3352e-02,1.7542e-01,6.7090e-02,8.7440e-02,1.2585e-01,8.6114e-02,5.4569e-02,1.1417e-01,1.6455e-01,8.1444e-02
3.2728e-02,1.1768e-01,9.7371e-02,1.0218e-01,1.3082e-01,7.2596e-02,1.1646e-01,9.4594e-02,1.6825e-01,6.7320e-02
6.6793e-02,9.5032e-02,8.1257e-02,1.2582e-01,7.1300e-02,1.1699e-01,7.6350e-02,1.2810e-01,1.5465e-01,8.3707e-02
4.7175e-02,1.3718e-01,1.2289e-01,1.1737e-01,8.4040e-02,7.4938e-02,8.6011e-02,8.5286e-02,1.7497e-01,7.0137e-02
4.5495e-02,1.4436e-01,7.8936e-02,1.1094e-01,9.3162e-02,1.0280e-01,5.8685e-02,1.3465e-01,1.6837e-01,6.2600e-02
5.3484e-02,1.7049e-01,8.0674e-02,9.1827e-02,1.0399e-01,8.6729e-02,7.9474e-02,1.0667e-01,1.3694e-01,8.9724e-02
6.0888e-02,8.3188e-02,9.5012e-02,1.3158e-01,1.0924e-01,8.7353e-02,8.3550e-02,1.3210e-01,1.3881e-01,7.8275e-02
6.5552e-02,1.1347e-01,1.2165e-01,1.4952e-01,8.1789e-02,7.2828e-02,5.9687e-02,1.3484e-01,1.2725e-01,7.3412e-02
5.6933e-02,1.0305e-01,7.7675e-02,7.7352e-02,1.2113e-01,5.6295e-02,7.7637e-02,1.2322e-01,2.1807e-01,8.8644e-02
4.2733e-02,1.3651e-01,8.4135e-02,8.8199e-02,9.6260e-02,1.0272e-01,7.0687e-02,1.3571e-01,1.4330e-01,9.9752e-02
1.0264e-01,1.2836e-01,6.9502e-02,8.5469e-02,1.1529e-01,8.6739e-02,3.5950e-02,1.3422e-01,1.6326e-01,7.8568e-02
8.1802e-02,1.0619e-01,8.5467e-02,9.3820e-02,1.1765e-01,8.3913e-02,5.8086e-02,1.1055e-01,1.7241e-01,9.0107e-02
4.6948e-02,9.4596e-02,6.2438e-02,1.1003e-01,9.6143e-02,1.2983e-01,6.6000e-02,1.5474e-01,1.5125e-01,8.8030e-02
4.3342e-02,1.3968e-01,1.0469e-01,9.7498e-02,1.1175e-01,8.9407e-02,8.5973e-02,8.8672e-02,1.5990e-01,7.9076e-02
7.4098e-02,1.0667e-01,9.2006e-02,1.1853e-01,8.8389e-02,9.3927e-02,6.3166e-02,8.4925e-02,1.8293e-01,9.5355e-02
5.2061e-02,1.0056e-01,8.6533e-02,1.0263e-01,8.8854e-02,1.0071e-01,8.3783e-02,1.3374e-01,1.8052e-01,7.0611e-02
5.0492e-02,1.0314e-01,9.1113e-02,9.1939e-02,1.1537e-01,1.0402e-01,6.1796e-02,1.0986e-01,1.7255e-01,9.9724e-02
6.1935e-02,1.1326e-01,7.8298e-02,8.8763e-02,1.2206e-01,9.0706e-02,5.9546e-02,1.0435e-01,1.8266e-01,9.8428e-02
6.5103e-02,1.2539e-01,9.2034e-02,1.0087e-01,1.2293e-01,8.8270e-02,7.9766e-02,6.8595e-02,1.7892e-01,7.8130e-02
5.6486e-02,1.0347e-01,5.9075e-02,1.1985e-01,1.2735e-01,8.8689e-02,5.5291e-02,1.0976e-01,2.0573e-01,7.4299e-02
4.6478e-02,7.8124e-02,6.3036e-02,1.2813e-01,7.4169e-02,9.0706e-02,5.1842e-02,8.3876e-02,2.3824e-01,1.4540e-01
5.8363e-02,1.4952e-01,6.3069e-02,1.1229e-01,1.1407e-01,9.4401e-02,4.7807e-02,1.1870e-01,1.6680e-01,7.4987e-02
5.3641e-02,1.1032e-01,6.7934e-02,1.1329e-01,1.0846e-01,1.0978e-01,5.0040e-02,1.0584e-01,1.9358e-01,8.7112e-02
4.9986e-02,1.2716e-01,5.5956e-02,1.1418e-01,1.1222e-01,6.7226e-02,6.3014e-02,1.4040e-01,1.9717e-01,7.2687e-02
5.7008e-02,9.1130e-02,8.9199e-02,1.5562e-01,1.4685e-01,1.0438e-01,5.1860e-02,8.9864e-02,1.2203e-01,9.2060e-02
5.9458e-02,1.3283e-01,5.6983e-02,1.2586e-01,1.0834e-01,9.5061e-02,5.4696e-02,7.8534e-02,2.1929e-01,6.8940e-02
1.6948e-02,1.7040e-01,1.2245e-01,1.0382e-01,9.5407e-02,7.1937e-02,3.8421e-02,9.1548e-02,2.1683e-01,7.2238e-02
5.8283e-02,1.3128e-01,6.0987e-02,9.7235e-02,1.0342e-01,9.7484e-02,6.9439e-02,1.1570e-01,1.5609e-01,1.1008e-01
7.0569e-02,1.1428e-01,7.4897e-02,1.9096e-01,7.1479e-02,6.7019e-02,3.8239e-02,1.0796e-01,2.0407e-01,6.0531e-02
6.1704e-02,1.3748e-01,9.6827e-02,1.5215e-01,8.3132e-02,8.7103e-02,4.0105e-02,9.0889e-02,1.5788e-01,9.2729e-02
6.1793e-02,1.1761e-01,9.3351e-02,1.0580e-01,1.2372e-01,9.4259e-02,4.2729e-02,1.1093e-01,1.6752e-01,8.2285e-02
7.9094e-02,1.1347e-01,4.7640e-02,1.0113e-01,1.0274e-01,8.7838e-02,5.0294e-02,1.3467e-01,1.8905e-01,9.4070e-02
6.0087e-02,1.1682e-01,7.2574e-02,1.3448e-01,9.9800e-02,5.0427e-02,5.8845e-02,1.0854e-01,2.1681e-01,8.1626e-02
4.1248e-02,1.1492e-01,8.5201e-02,1.0429e-01,1.5008e-01,7.3220e-02,3.5188e-02,1.0774e-01,2.0365e-01,8.4465e-02
2.9785e-02,1.1551e-01,6.7739e-02,7.4417e-02,1.5870e-01,8.0949e-02,4.8360e-02,1.3152e-01,1.8260e-01,1.1042e-01
7.0994e-02,1.3072e-01,7.4567e-02,8.9987e-02,1.1996e-01,5.8443e-02,6.3783e-02,1.0763e-01,1.8569e-01,9.8218e-02
4.4124e-02,1.0995e-01,9.1530e-02,1.2149e-01,1.0605e-01,8.8965e-02,5.1080e-02,8.0567e-02,1.9088e-01,1.1537e-01
5.1797e-02,1.2940e-01,7.8496e-02,9.8779e-02,1.4205e-01,7.9799e-02,4.3380e-02,1.2633e-01,1.6797e-01,8.1992e-02
5.6889e-02,1.4140e-01,5.2428e-02,1.2400e-01,1.0519e-01,7.8006e-02,4.4788e-02,1.4794e-01,1.6351e-01,8.5847e-02
3.4148e-02,1.2203e-01,5.7785e-02,1.3477e-01,8.9440e-02,1.2230e-01,4.4649e-02,1.4345e-01,1.6450e-01,8.6931e-02
6.0557e-02,1.2052e-01,1.0873e-01,1.4818e-01,1.0161e-01,6.8896e-02,4.7832e-02,9.2839e-02,1.4450e-01,1.0634e-01
4.2406e-02,9.8058e-02,7.1555e-02,9.8526e-02,1.5102e-01,7.9683e-02,5.7327e-02,1.2334e-01,2.0197e-01,7.6116e-02
4.7776e-02,9.6327e-02,6.0061e-02,1.2291e-01,1.3678e-01,8.7362e-02,7.5599e-02,1.1026e-01,1.6355e-01,9.9368e-02
7.1294e-02,7.4304e-02,7.5293e-02,1.2619e-01,1.2627e-01,1.0040e-01,3.9852e-02,1.0742e-01,1.9536e-01,8.3615e-02
6.7360e-02,1.2178e-01,8.7351e-02,1.2980e-01,9.7758e-02,8.0064e-02,4.9372e-02,9.4405e-02,1.7484e-01,9.7267e-02
5.6555e-02,7.7490e-02,7.5093e-02,1.0316e-01,1.5257e-01,4.8066e-02,5.6226e-02,1.3186e-01,2.0731e-01,9.1661e-02
6.6500e-02,1.4524e-01,7.5109e-02,1.0925e-01,1.2115e-01,7.8808e-02,7.6306e-02,9.9964e-02,1.4976e-01,7.7907e-02
5.3628e-02,8.9540e-02,5.5643e-02,8.0991e-02,1.2002e-01,1.0369e-01,3.5890e-02,1.4168e-01,1.8306e-01,1.3586e-01
5.3894e-02,1.0314e-01,9.5034e-02,1.0348e-01,1.0742e-01,8.9144e-02,6.5997e-02,1.0673e-01,2.0473e-01,7.0436e-02
3.8449e-02,9.1417e-02,8.6874e-02,8.9319e-02,1.1369e-01,1.0143e-01,7.1442e-02,1.1211e-01,1.9459e-01,1.0067e-01
2.3242e-02,8.3719e-02,4.6229e-02,1.5635e-01,1.3757e-01,1.1952e-01,6.1870e-02,1.3463e-01,1.5969e-01,7.7172e-02
4.6862e-02,1.0558e-01,4.6524e-02,1.5180e-01,8.1053e-02,9.1767e-02,5.4219e-02,1.3205e-01,2.0967e-01,8.0474e-02
8.3420e-02,7.3363e-02,8.0041e-02,1.2541e-01,7.7917e-02,9.6810e-02,3.8877e-02,1.2254e-01,2.2175e-01,7.9875e-02
6.8157e-02,1.2228e-01,6.0172e-02,1.5460e-01,1.0922e-01,6.1501e-02,5.9322e-02,8.4456e-02,1.6710e-01,1.1319e-01
7.6016e-02,9.9868e-02,6.4237e-02,1.1366e-01,1.0569e-01,9.0363e-02,5.1318e-02,1.3886e-01,1.7256e-01,8.7420e-02
5.0499e-02,8.8253e-02,8.1352e-02,1.6154e-01,5.1568e-02,9.7360e-02,3.3136e-02,8.6022e-02,2.5069e-01,9.9580e-02
5.5196e-02,7.7862e-02,6.9590e-02,1.5835e-01,9.6695e-02,1.0551e-01,4.2556e-02,9.4863e-02,2.3085e-01,6.8530e-02
5.2837e-02,1.3442e-01,7.7225e-02,1.3631e-01,1.4129e-01,7.1312e-02,1.6920e-02,9.8260e-02,1.6849e-01,1.0293e-01
4.5261e-02,1.3049e-01,5.7173e-02,1.2591e-01,1.2548e-01,8.9014e-02,4.5625e-02,1.1143e-01,1.4372e-01,1.2590e-01
3.8407e-02,1.0628e-01,7.0444e-02,1.2797e-01,1.1226e-01,1.1800e-01,4.4910e-02,6.0169e-02,2.1830e-01,1.0327e-01
6.6755e-02,1.1532e-01,7.4692e-02,1.3390e-01,1.2523e-01,6.9725e-02,6.0897e-02,1.0624e-01,1.7131e-01,7.5935e-02
6.6248e-02,1.3371e-01,7.2529e-02,1.2325e-01,1.0364e-01,9.9290e-02,2.8989e-02,8.0240e-02,1.9797e-01,9.4139e-02
9.4158e-02,1.0066e-01,9.3640e-02,9.3325e-02,9.6620e-02,6.0998e-02,5.7104e-02,8.0197e-02,2.1342e-01,1.0987e-01
5.5988e-02,1.1015e-01,8.7460e-02,1.2046e-01,1.2343e-01,8.3125e-02,4.6533e-02,7.3386e-02,1.9117e-01,1.0829e-01
6.0040e-02,8.4403e-02,4.9969e-02,1.4054e-01,1.1668e-01,9.3563e-02,5.2564e-02,1.2285e-01,1.9422e-01,8.5184e-02
5.6525e-02,1.1022e-01,2.6768e-02,1.6271e-01,7.9016e-02,1.1641e-01,5.3683e-02,1.0766e-01,1.5899e-01,1.2802e-01
3.6704e-02,7.1237e-02,9.1779e-02,1.2115e-01,1.1826e-01,1.0393e-01,6.1082e-02,1.0148e-01,2.0303e-01,9.1333e-02
4.3564e-02,1.1710e-01,8.1088e-02,1.0940e-01,1.0905e-01,7.0079e-02,5.3330e-02,1.1772e-01,2.1291e-01,8.5770e-02
6.0766e-02,1.1006e-01,4.7216e-02,1.0502e-01,1.1460e-01,7.9315e-02,4.3415e-02,1.2694e-01,1.8358e-01,1.2907e-01
5.0032e-02,8.7159e-02,6.2978e-02,1.0820e-01,9.3910e-02,7.3380e-02,5.1026e-02,1.2998e-01,2.0385e-01,1.3948e-01
5.7847e-02,9.4853e-02,9.2107e-02,6.9742e-02,1.4417e-01,7.1825e-02,4.3848e-02,9.5765e-02,1.8406e-01,1.4578e-01
4.9219e-02,6.2911e-02,5.1352e-02,1.3976e-01,1.0615e-01,1.0434e-01,3.7557e-02,9.7824e-02,2.4120e-01,1.0969e-01
5.1828e-02,1.2927e-01,5.5499e-02,1.1476e-01,1.1011e-01,6.0162e-02,4.7533e-02,1.4958e-01,1.7431e-01,1.0695e-01
6.4387e-02,1.2595e-01,5.5089e-02,1.6106e-01,1.3137e-01,7.5716e-02,4.0494e-02,5.9226e-02,2.1416e-01,7.2546e-02
4.5467e-02,1.1596e-01,6.1472e-02,1.4390e-01,1.0771e-01,5.8462e-02,4.4861e-02,7.8243e-02,2.4660e-01,9.7321e-02
6.6182e-02,9.9635e-02,7.4424e-02,1.4899e-01,9.5057e-02,7.7583e-02,3.2796e-02,6.6902e-02,2.1208e-01,1.2636e-01
5.5464e-02,7.4062e-02,2.8784e-02,1.2934e-01,1.1417e-01,8.8280e-02,5.1701e-02,1.1358e-01,2.4687e-01,9.7750e-02
4.0675e-02,1.0695e-01,6.3295e-02,1.2304e-01,1.0745e-01,1.0511e-01,3.1590e-02,1.0589e-01,1.7905e-01,1.3695e-01
6.7891e-02,9.3629e-02,6.1491e-02,1.2628e-01,1.0350e-01,1.0219e-01,3.9056e-02,1.1023e-01,1.9272e-01,1.0301e-01
5.5556e-02,1.0279e-01,6.6933e-02,1.1976e-01,1.0504e-01,8.7560e-02,3.1073e-02,1.1094e-01,2.3106e-01,8.9283e-02
5.7698e-02,9.9442e-02,4.6902e-02,1.0385e-01,9.3847e-02,1.1736e-01,3.3600e-02,1.0093e-01,2.4129e-01,1.0508e-01
4.1123e-02,8.7059e-02,6.3900e-02,1.6130e-01,1.4417e-01,1.1614e-01,4.6569e-02,7.9334e-02,1.5838e-01,1.0203e-01
5.0066e-02,9.1398e-02,6.4057e-02,1.1090e-01,1.0714e-01,9.7932e-02,8.1968e-02,9.1999e-02,1.9441e-01,1.1013e-01
7.1412e-02,1.7420e-01,6.4849e-02,1.1057e-01,9.1830e-02,8.8308e-02,5.1354e-02,6.4187e-02,1.9063e-01,9.2664e-02
6.6639e-02,1.1961e-01,7.3521e-02,9.7479e-02,1.1974e-01,9.9720e-02,2.4030e-02,9.5825e-02,1.9295e-01,1.1048e-01
6.5940e-02,1.2823e-01,5.8294e-02,8.4947e-02,8.2696e-02,6.1554e-02,6.1594e-02,1.3551e-01,2.0191e-01,1.1933e-01
7.5739e-02,1.0964e-01,8.1483e-02,1.4768e-01,9.8704e-02,8.9250e-02,4.0683e-02,8.5186e-02,1.7513e-01,9.6501e-02
3.6157e-02,1.0356e-01,8.3345e-02,1.5458e-01,1.0852e-01,7.8086e-02,4.2539e-02,7.6042e-02,2.0337e-01,1.1380e-01
6.4432e-02,1.3749e-01,5.0459e-02,1.3187e-01,8.7477e-02,7.6354e-02,4.1518e-02,7.1691e-02,2.5188e-01,8.6831e-02
4.4448e-02,1.1342e-01,7.4302e-02,1.4554e-01,9.9252e-02,8.3301e-02,1.1531e-02,1.3158e-01,1.9299e-01,1.0363e-01
5.2959e-02,9.4889e-02,4.1091e-02,1.2618e-01,1.2084e-01,1.0524e-01,4.8764e-02,1.0424e-01,2.1339e-01,9.2406e-02
4.7880e-02,1.0929e-01,3.9480e-02,1.4284e-01,1.5085e-01,4.4458e-02,5.3570e-02,6.9935e-02,2.4214e-01,9.9553e-02
5.1632e-02,1.0072e-01,5.9804e-02,1.5726e-01,1.2175e-01,9.2004e-02,1.0804e-02,1.0047e-01,1.5641e-01,1.4915e-01
7.9862e-02,1.3060e-01,5.9937e-02,1.0923e-01,1.1879e-01,1.0818e-01,3.6402e-02,5.4798e-02,2.1610e-01,8.6095e-02
6.7080e-02,1.0140e-01,5.8801e-02,1.4359e-01,7.2094e-02,8.2861e-02,4.1747e-02,8.9926e-02,2.6307e-01,7.9426e-02
5.4213e-02,1.5044e-01,4.6197e-02,1.0509e-01,1.3990e-01,7.6636e-02,5.1457e-02,7.2269e-02,2.1215e-01,9.1649e-02
3.3356e-02,1.0098e-01,6.8950e-02,1.2625e-01,9.8154e-02,1.1169e-01,3.2082e-02,1.0144e-01,2.5123e-01,7.5863e-02
3.1925e-02,1.1936e-01,7.1318e-02,1.1518e-01,1.0772e-01,6.8900e-02,5.5471e-02,1.0130e-01,2.3898e-01,8.9842e-02
4.9278e-02,1.1788e-01,5.0123e-02,1.2026e-01,1.1313e-01,9.7066e-02,3.0858e-02,6.8161e-02,2.4069e-01,1.1255e-01
5.0848e-02,1.3728e-01,5.5913e-02,1.4813e-01,1.1804e-01,1.0871e-01,5.5056e-02,6.7903e-02,1.6701e-01,9.1111e-02
3.1668e-02,1.6390e-01,5.1189e-02,1.3507e-01,1.1158e-01,5.0910e-02,4.0254e-02,7.7768e-02,2.2739e-01,1.1028e-01
6.7213e-02,1.3388e-01,8.0084e-02,9.6191e-02,9.8846e-02,9.9974e-02,5.2058e-02,1.0026e-01,1.5858e-01,1.1291e-01
6.4649e-02,6.6406e-02,7.0956e-02,1.6030e-01,7.0840e-02,1.0312e-01,3.0012e-02,9.7399e-02,2.3235e-01,1.0396e-01
5.7553e-02,8.8531e-02,7.9972e-02,1.1817e-01,1.1469e-01,9.4239e-02,2.8494e-02,8.2242e-02,2.3505e-01,1.0106e-01
5.8807e-02,1.7726e-01,3.9855e-02,8.2293e-02,9.3077e-02,7.7554e-02,4.0167e-02,7.4892e-02,2.5038e-01,1.0572e-01
4.5945e-02,1.1901e-01,4.7759e-02,1.3889e-01,1.1738e-01,1.1352e-01,2.9201e-02,1.0526e-01,1.6918e-01,1.1384e-01
3.7989e-02,1.4497e-01,3.2272e-02,1.0186e-01,1.1032e-01,1.2675e-01,3.3183e-02,6.6091e-02,2.0612e-01,1.4045e-01
9.6896e-02,1.4100e-01,4.0563e-02,7.7175e-02,8.1041e-02,9.1489e-02,4.1359e-02,1.1053e-01,2.1391e-01,1.0604e-01
6.6948e-02,1.4987e-01,3.8721e-02,1.1852e-01,1.1750e-01,1.2811e-01,3.8483e-02,4.2232e-02,1.7948e-01,1.2013e-01
4.3859e-02,1.3449e-01,7.3984e-02,1.2067e-01,1.1500e-01,9.1924e-02,3.3511e-02,8.2433e-02,1.8702e-01,1.1711e-01
7.1297e-02,6.8941e-02,4.2281e-02,1.2118e-01,1.5952e-01,1.2507e-01,2.5483e-02,9.7625e-02,1.9235e-01,9.6242e-02
5.1939e-02,8.6307e-02,8.9754e-02,1.5816e-01,8.8653e-02,9.3553e-02,1.3356e-02,7.9699e-02,1.9539e-01,1.4319e-01
5.6177e-02,1.4675e-01,4.5522e-02,1.5380e-01,8.7612e-02,1.0012e-01,5.7982e-02,7.1369e-02,1.8019e-01,1.0048e-01
4.7293e-02,1.3867e-01,5.2034e-02,1.2312e-01,1.4612e-01,8.1387e-02,2.3211e-02,7.7622e-02,1.8773e-01,1.2282e-01
3.4617e-02,1.1299e-01,5.9680e-02,1.3273e-01,1.2778e-01,1.2146e-01,5.4178e-02,9.2140e-02,1.7385e-01,9.0572e-02
4.0124e-02,1.4725e-01,4.8501e-02,1.2091e-01,1.4264e-01,1.0000e-01,3.5771e-02,7.7222e-02,1.7571e-01,1.1188e-01
6.1329e-02,1.2987e-01,4.9711e-02,1.5562e-01,8.8526e-02,8.9064e-02,2.5128e-02,5.0969e-02,2.2994e-01,1.1985e-01
4.6957e-02,1.4526e-01,5.5176e-02,1.1092e-01,1.1785e-01,8.1629e-02,6.8363e-02,7.8653e-02,2.1047e-01,8.4729e-02
5.9459e-02,1.2268e-01,6.2975e-02,1.1733e-01,8.0447e-02,1.0474e-01,5.2215e-02,6.2880e-02,2.3450e-01,1.0277e-01
8.8404e-02,1.1129e-01,4.0577e-02,1.3336e-01,9.0083e-02,6.6816e-02,7.1462e-02,9.3945e-02,1.8562e-01,1.1844e-01
5.8059e-02,9.4499e-02,5.9854e-02,1.6254e-01,5.6905e-02,1.0388e-01,4.7845e-02,8.1121e-02,2.4071e-01,9.4589e-02
6.0143e-02,1.0390e-01,6.9755e-02,1.2437e-01,1.1699e-01,5.9613e-02,4.0793e-02,8.9213e-02,2.3045e-01,1.0477e-01
5.1097e-02,1.5468e-01,6.7495e-02,1.2504e-01,1.0830e-01,9.2599e-02,5.2844e-02,5.4292e-02,1.7752e-01,1.1613e-01
7.8494e-02,8.2527e-02,4.6630e-02,1.2879e-01,1.3425e-01,1.1308e-01,6.1066e-02,7.7664e-02,1.9467e-01,8.2841e-02
5.5903e-02,1.0966e-01,4.0723e-02,1.5213e-01,1.1959e-01,7.5219e-02,5.7856e-02,1.0195e-01,2.0612e-01,8.0851e-02
4.7005e-02,1.2134e-01,6.1525e-02,1.2755e-01,1.0779e-01,6.4925e-02,2.7623e-02,9.9676e-02,2.4064e-01,1.0193e-01
2.9340e-02,1.3394e-01,4.9975e-02,1.7768e-01,1.1324e-01,1.1537e-01,4.7017e-02,8.0381e-02,1.6772e-01,8.5335e-02
7.8897e-02,8.5060e-02,6.6595e-02,1.3243e-01,8.8973e-02,9.5203e-02,4.3930e-02,8.0941e-02,2.3007e-01,9.7899e-02
5.6506e-02,1.1789e-01,5.4571e-02,1.1775e-01,1.1310e-01,8.4405e-02,4.2755e-02,1.3211e-01,1.7527e-01,1.0565e-01
2.6863e-02,1.0873e-01,6.5117e-02,1.5727e-01,1.1474e-01,1.0906e-01,7.2081e-02,7.9467e-02,1.8280e-01,8.3865e-02
6.3498e-02,1.0195e-01,7.3904e-02,1.0936e-01,1.0592e-01,7.0749e-02,4.2802e-02,7.7717e-02,2.3636e-01,1.1774e-01
5.5562e-02,1.2153e-01,3.8624e-02,1.5289e-01,1.0663e-01,1.2133e-01,4.0696e-02,8.2147e-02,1.8163e-01,9.8956e-02
4.4206e-02,7.4762e-02,6.6951e-02,1.6282e-01,8.7098e-02,9.6787e-02,3.2840e-02,1.0860e-01,1.8920e-01,1.3674e-01
6.9171e-02,1.2034e-01,7.9503e-02,1.4985e-01,9.6388e-02,5.5617e-02,3.3537e-02,9.9439e-02,2.2959e-01,6.6561e-02
3.8353e-02,1.4487e-01,7.0505e-02,8.3638e-02,1.0747e-01,9.8363e-02,5.4884e-02,8.5478e-02,2.0742e-01,1.0903e-01
7.4135e-02,1.2034e-01,6.9331e-02,1.4528e-01,9.3605e-02,1.0580e-01,3.4569e-02,7.1606e-02,2.0528e-01,8.0061e-02
4.5082e-02,9.9511e-02,8.7928e-02,1.0607e-01,1.0100e-01,8.6600e-02,1.9184e-02,8.0845e-02,2.3707e-01,1.3671e-01
8.7106e-02,1.4033e-01,8.6339e-02,1.0796e-01,8.8404e-02,8.8999e-02,5.0514e-02,6.0399e-02,2.1707e-01,7.2878e-02
3.6763e-02,1.1053e-01,8.7187e-02,1.5435e-01,9.4749e-02,1.1374e-01,3.2737e-02,9.6916e-02,1.9899e-01,7.4038e-02
6.1458e-02,1.5240e-01,6.6037e-02,1.0068e-01,1.0935e-01,6.0209e-02,2.6051e-02,6.1544e-02,2.7958e-01,8.2683e-02
5.8739e-02,8.7705e-02,4.8548e-02,1.4644e-01,1.1528e-01,9.7824e-02,4.0079e-02,8.4296e-02,2.1249e-01,1.0860e-01
4.4304e-02,1.4575e-01,6.8170e-02,1.4267e-01,1.1028e-01,9.8844e-02,4.7478e-02,6.5168e-02,2.0706e-01,7.0274e-02
6.0492e-02,1.2355e-01,7.0323e-02,1.3217e-01,1.1238e-01,6.5079e-02,4.9763e-02,7.5764e-02,2.1670e-01,9.3788e-02
8.1326e-02,9.0690e-02,3.7963e-02,1.7522e-01,1.2575e-01,7.5446e-02,2.6158e-02,5.3276e-02,1.9542e-01,1.3875e-01
4.8294e-02,9.1910e-02,4.4111e-02,1.5388e-01,1.5107e-01,1.0752e-01,2.1474e-02,8.0726e-02,1.8463e-01,1.1639e-01
2.6214e-02,1.1605e-01,5.0420e-02,1.5660e-01,1.1872e-01,8.6804e-02,3.2223e-02,9.7118e-02,2.1289e-01,1.0296e-01
5.4196e-02,1.3886e-01,8.4788e-02,8.1443e-02,1.3596e-01,8.7396e-02,1.6103e-02,6.4929e-02,2.2763e-01,1.0870e-01
5.4416e-02,1.0777e-01,6.9807e-02,1.4653e-01,8.0509e-02,7.5521e-02,1.7818e-02,8.5743e-02,2.5017e-01,1.1172e-01
3.2814e-02,1.1473e-01,4.9405e-02,1.1611e-01,1.1335e-01,7.0531e-02,5.6876e-02,8.6926e-02,2.5316e-01,1.0610e-01
6.3336e-02,1.5418e-01,2.3944e-02,1.1179e-01,1.1600e-01,7.4992e-02,3.7616e-02,9.1688e-02,2.4314e-01,8.3301e-02
5.9609e-02,1.0258e-01,4.0673e-02,1.7188e-01,6.5533e-02,8.7100e-02,3.7823e-02,9.5410e-02,2.6944e-01,6.9948e-02
8.7117e-02,1.0338e-01,7.6218e-02,9.1792e-02,9.0904e-02,6.9199e-02,2.2337e-02,1.0621e-01,1.7644e-01,1.7640e-01
5.6618e-02,1.0932e-01,5.1020e-02,1.4753e-01,1.2150e-01,9.9995e-02,6.2859e-02,5.9243e-02,1.5980e-01,1.3212e-01
6.8055e-02,1.2528e-01,5.5015e-02,1.5314e-01,8.4065e-02,5.1147e-02,2.0385e-02,8.7688e-02,2.5329e-01,1.0194e-01
5.4143e-02,9.9131e-02,5.0406e-02,1.0523e-01,1.2198e-01,1.2253e-01,2.9873e-02,9.6981e-02,2.0097e-01,1.1875e-01
5.9694e-02,1.1765e-01,7.8390e-02,1.2315e-01,1.0240e-01,9.6424e-02,4.0286e-02,7.1734e-02,2.0904e-01,1.0125e-01
7.7425e-02,1.2995e-01,5.2910e-02,1.2655e-01,7.0410e-02,1.0744e-01,3.7247e-02,6.7310e-02,2.3930e-01,9.1452e-02
5.2790e-02,1.2797e-01,5.8357e-02,1.6140e-01,7.7475e-02,1.0267e-01,4.1066e-02,7.6087e-02,2.0992e-01,9.2280e-02
9.5936e-02,8.9127e-02,4.8914e-02,9.7217e-02,1.4087e-01,5.7477e-02,3.6512e-02,9.8255e-02,1.8690e-01,1.4880e-01
6.9723e-02,1.0002e-01,6.0861e-02,1.2813e-01,9.4412e-02,7.7368e-02,4.0374e-02,5.3368e-02,2.6555e-01,1.1019e-01
4.4337e-02,1.2354e-01,4.9715e-02,1.5684e-01,1.2121e-01,1.0339e-01,2.5552e-02,4.2221e-02,2.3023e-01,1.0296e-01
5.4069e-02,1.3110e-01,4.2211e-02,1.3924e-01,1.3546e-01,8.4392e-02,3.6611e-02,6.9072e-02,1.8336e-01,1.2448e-01
9.1789e-02,1.5537e-01,5.3780e-02,1.0913e-01,9.1442e-02,7.9636e-02,4.8387e-02,7.9746e-02,1.9282e-01,9.7903e-02
5.1243e-02,1.3371e-01,5.0068e-02,1.1205e-01,1.3285e-01,1.1012e-01,2.6665e-02,8.6895e-02,2.0359e-01,9.2807e-02
5.3179e-02,1.5464e-01,7.1148e-02,1.2507e-01,9.3959e-02,6.9401e-02,3.2125e-02,7.6803e-02,2.0600e-01,1.1768e-01
5.4727e-02,1.0279e-01,3.5627e-02,1.2329e-01,1.0124e-01,1.3697e-01,5.6139e-02,6.0723e-02,2.5732e-01,7.1177e-02
5.3871e-02,1.3185e-01,6.4349e-02,1.0226e-01,1.3317e-01,1.1676e-01,2.3497e-02,4.9236e-02,2.0426e-01,1.2075e-01
7.2387e-02,1.4641e-01,6.6753e-02,1.4817e-01,1.1098e-01,1.0009e-01,2.8147e-02,6.6918e-02,2.0194e-01,5.8190e-02
5.1813e-02,1.3139e-01,4.3127e-02,1.3578e-01,1.0599e-01,1.0814e-01,1.8880e-02,6.9804e-02,2.1752e-01,1.1757e-01
5.0641e-02,1.4578e-01,6.3071e-02,1.0492e-01,1.1875e-01,1.0371e-01,1.5163e-02,5.1482e-02,2.5928e-01,8.7207e-02
4.2372e-02,1.0644e-01,4.0800e-02,1.3609e-01,1.1599e-01,8.6989e-02,4.8145e-02,7.5683e-02,2.2555e-01,1.2194e-01
5.8274e-02,1.1001e-01,4.3871e-02,1.3239e-01,1.4750e-01,7.6723e-02,3.4214e-02,6.2067e-02,2.3918e-01,9.5775e-02
4.6243e-02,1.1487e-01,6.0416e-02,1.6173e-01,9.3919e-02,8.1886e-02,4.3897e-02,1.1756e-01,1.6965e-01,1.0983e-01
7.3379e-02,1.2205e-01,3.8477e-02,1.1022e-01,1.1401e-01,8.2493e-02,2.5315e-02,8.1485e-02,2.2496e-01,1.2761e-01
5.8914e-02,1.5744e-01,5.7000e-02,1.1381e-01,1.1935e-01,9.8548e-02,1.6580e-02,7.6091e-02,2.0875e-01,9.3520e-02
3.0106e-02,1.4128e-01,3.0176e-02,1.5318e-01,1.3703e-01,9.1741e-02,3.2478e-02,7.5019e-02,1.9329e-01,1.1571e-01
4.8460e-02,1.1393e-01,7.3734e-02,1.1964e-01,1.4245e-01,1.3124e-01,3.0610e-02,6.5701e-02,1.6713e-01,1.0710e-01
3.1672e-02,1.7628e-01,3.1259e-02,1.2861e-01,7.6220e-02,1.0749e-01,4.6497e-02,6.5618e-02,2.5330e-01,8.3054e-02
3.9174e-02,1.4890e-01,4.8629e-02,8.8946e-02,1.2295e-01,7.7551e-02,1.9461e-02,5.1808e-02,2.2487e-01,1.7771e-01
6.7690e-02,1.1324e-01,6.3558e-02,1.4110e-01,1.1510e-01,8.3039e-02,2.2188e-02,5.4474e-02,2.2954e-01,1.1007e-01
2.9449e-02,9.9536e-02,6.1997e-02,1.5668e-01,7.4078e-02,1.0881e-01,2.6189e-02,1.0110e-01,1.9996e-01,1.4219e-01
3.5440e-02,1.7210e-01,4.3710e-02,1.6506e-01,7.6293e-02,7.2237e-02,1.8177e-02,5.8929e-02,2.7417e-01,8.3876e-02
2.7967e-02,1.2665e-01,5.4696e-02,1.5397e-01,1.2993e-01,8.8454e-02,3.7588e-02,6.2654e-02,2.1283e-01,1.0527e-01
5.0847e-02,1.4399e-01,5.7318e-02,1.2370e-01,6.6047e-02,9.1027e-02,1.9458e-02,9.1725e-02,2.3788e-01,1.1801e-01
6.6032e-02,1.4143e-01,4.8848e-02,1.4451e-01,7.8354e-02,5.9367e-02,6.3139e-02,5.2550e-02,2.5573e-01,9.0041e-02
3.9508e-02,1.7310e-01,4.5240e-02,1.3424e-01,6.4359e-02,9.2683e-02,5.1173e-02,7.3859e-02,2.2436e-01,1.0147e-01
4.7772e-02,1.1483e-01,5.8995e-02,1.1124e-01,9.2552e-02,9.2293e-02,2.2791e-02,9.0031e-02,2.3939e-01,1.3012e-01
7.9291e-02,1.1961e-01,7.7571e-02,1.2110e-01,8.2605e-02,5.9222e-02,2.7613e-02,8.5078e-02,2.3075e-01,1.1716e-01
5.7434e-02,1.1774e-01,4.5153e-02,1.2444e-01,1.1476e-01,8.5158e-02,4.8784e-02,5.9332e-02,2.4265e-01,1.0455e-01
4.9293e-02,1.6120e-01,4.3778e-02,1.3704e-01,1.5385e-01,6.5024e-02,1.5370e-02,3.8343e-02,2.0798e-01,1.2812e-01
5.0217e-02,1.3468e-01,4.9771e-02,1.3758e-01,1.0256e-01,9.0630e-02,4.2774e-02,6.6611e-02,2.0870e-01,1.1648e-01
3.4234e-02,1.9758e-01,3.2344e-02,1.5730e-01,1.1817e-01,1.0372e-01,2.5157e-02,6.3964e-02,1.9294e-01,7.4587e-02
5.9228e-02,1.1638e-01,5.0380e-02,1.3293e-01,8.3854e-02,1.0600e-01,2.6821e-02,9.0784e-02,2.2926e-01,1.0435e-01
5.9682e-02,9.2920e-02,6.4666e-02,1.3865e-01,1.1435e-01,1.1884e-01,3.4722e-02,3.2938e-02,2.7407e-01,6.9172e-02
4.0989e-02,1.3626e-01,3.6759e-02,1.4201e-01,1.3871e-01,7.1269e-02,2.8307e-02,5.7884e-02,2.4490e-01,1.0291e-01
6.3412e-02,1.4718e-01,2.4707e-02,1.5671e-01,1.3624e-01,1.2792e-01,3.8693e-02,4.8456e-02,1.6116e-01,9.5527e-02
3.7319e-02,1.2730e-01,5.8809e-02,1.0463e-01,1.1493e-01,8.8167e-02,2.2720e-02,8.1214e-02,2.3398e-01,1.3093e-01
4.6989e-02,1.0248e-01,7.2641e-02,1.3535e-01,1.3062e-01,1.2464e-01,2.3123e-02,6.2482e-02,1.8183e-01,1.1984e-01
5.4428e-02,9.5122e-02,5.1281e-02,1.2994e-01,1.0320e-01,1.0322e-01,8.0544e-03,6.4113e-02,2.6575e-01,1.2490e-01
2.0170e-02,1.8664e-01,3.6571e-02,1.4305e-01,1.1023e-01,5.9512e-02,2.4494e-02,8.9174e-02,2.3900e-01,9.1159e-02
7.9247e-02,1.5950e-01,3.1086e-02,1.5320e-01,8.3336e-02,6.8202e-02,2.8079e-02,8.0306e-02,2.0533e-01,1.1171e-01
5.9731e-02,1.0814e-01,3.9211e-02,1.5344e-01,1.0707e-01,8.6675e-02,2.7204e-02,7.2266e-02,2.4253e-01,1.0374e-01
4.5080e-02,1.5040e-01,3.8655e-02,1.2628e-01,9.4387e-02,1.2272e-01,1.2944e-02,6.8158e-02,2.2399e-01,1.1739e-01
6.6673e-02,1.1911e-01,4.0222e-02,1.5724e-01,8.7049e-02,9.1953e-02,1.8800e-02,7.3282e-02,2.2678e-01,1.1890e-01
3.1208e-02,1.3221e-01,3.7908e-02,2.0093e-01,1.1934e-01,1.0333e-01,3.8949e-02,4.6162e-02,1.9607e-01,9.3890e-02
9.2623e-02,1.2043e-01,4.9048e-02,1.0742e-01,8.9344e-02,9.8679e-02,2.5167e-02,8.5992e-02,2.2164e-01,1.0965e-01
3.0115e-02,1.4606e-01,4.1375e-02,1.3434e-01,1.2481e-01,8.4053e-02,1.3577e-02,1.0104e-01,1.8267e-01,1.4198e-01
1.9121e-02,1.6571e-01,4.5336e-02,1.2252e-01,1.0720e-01,1.2796e-01,1.5319e-02,4.3534e-02,2.6633e-01,8.6969e-02
4.3575e-02,1.4666e-01,2.9441e-02,1.3321e-01,1.4583e-01,1.1150e-01,2.7045e-02,7.8187e-02,1.9736e-01,8.7190e-02
4.0333e-02,1.3106e-01,7.1507e-02,1.2178e-01,1.1113e-01,7.5813e-02,3.2450e-02,6.3000e-02,2.6512e-01,8.7813e-02
4.6984e-02,1.5995e-01,2.4131e-02,1.3958e-01,9.3802e-02,9.0745e-02,4.5011e-02,6.7916e-02,2.3902e-01,9.2861e-02
4.5421e-02,1.1916e-01,4.3809e-02,1.9546e-01,6.5552e-02,7.3031e-02,2.8514e-02,7.0527e-02,2.5347e-01,1.0506e-01
5.8027e-02,1.1885e-01,5.5495e-02,1.3252e-01,7.5458e-02,8.6620e-02,3.7741e-02,8.8257e-02,2.6722e-01,7.9805e-02
4.0273e-02,1.3401e-01,5.7709e-02,1.5353e-01,8.1547e-02,7.3863e-02,3.9281e-02,6.4011e-02,2.6584e-01,8.9936e-02
7.7943e-02,1.4453e-01,4.6912e-02,1.5158e-01,8.6261e-02,1.0411e-01,2.0442e-02,4.3033e-02,2.0179e-01,1.2341e-01
6.4980e-02,1.6374e-01,4.6388e-02,1.3711e-01,1.2871e-01,5.9906e-02,3.8709e-02,6.8531e-02,2.1970e-01,7.2234e-02
5.1033e-02,1.1596e-01,4.8565e-02,1.2701e-01,1.4331e-01,8.1527e-02,2.4398e-02,8.4504e-02,2.1297e-01,1.1074e-01
3.2048e-02,1.0845e-01,4.0586e-02,1.3788e-01,1.2599e-01,1.1295e-01,2.9468e-02,5.3849e-02,2.5704e-01,1.0173e-01
3.8451e-02,1.5957e-01,3.6859e-02,1.1844e-01,1.1991e-01,7.6178e-02,2.1555e-02,6.5223e-02,2.2855e-01,1.3527e-01
4.2620e-02,1.1948e-01,5.6552e-02,9.9758e-02,1.1772e-01,7.0346e-02,1.0451e-02,1.0583e-01,2.7685e-01,1.0039e-01
7.6926e-02,1.2965e-01,1.8265e-02,1.2613e-01,1.2128e-01,9.1717e-02,1.3857e-02,4.3177e-02,3.0118e-01,7.7816e-02
4.2974e-02,1.4419e-01,6.2168e-02,1.1647e-01,1.5184e-01,8.5502e-02,1.4997e-02,4.3251e-02,2.2174e-01,1.1688e-01
6.8659e-02,1.4003e-01,4.6999e-02,1.5598e-01,9.9603e-02,1.0468e-01,1.7440e-02,8.9293e-02,1.7753e-01,9.9779e-02
3.4017e-02,1.5231e-01,4.3316e-02,1.7204e-01,1.1656e-01,7.1566e-02,2.6115e-02,5.9066e-02,2.0977e-01,1.1524e-01
4.5618e-02,1.7624e-01,4.2542e-02,9.1888e-02,1.0552e-01,9.1432e-02,1.7629e-02,6.6901e-02,2.6398e-01,9.8242e-02
3.3409e-02,1.4323e-01,6.3379e-02,1.4067e-01,1.1960e-01,7.9116e-02,1.6320e-02,6.6320e-02,2.4500e-01,9.2957e-02
5.5007e-02,1.3776e-01,5.3909e-02,1.0858e-01,1.1852e-01,8.2888e-02,2.9094e-02,8.7301e-02,2.2616e-01,1.0078e-01
4.3430e-02,1.3929e-01,2.9204e-02,1.4379e-01,1.5143e-01,1.0552e-01,1.9234e-02,6.9138e-02,2.3095e-01,6.8015e-02
4.6419e-02,1.6005e-01,3.0349e-02,1.0505e-01,1.2007e-01,1.1132e-01,4.2770e-02,4.9629e-02,2.4673e-01,8.7596e-02
5.4728e-02,1.4681e-01,3.9242e-02,1.6674e-01,8.8342e-02,9.2130e-02,2.2433e-02,6.7903e-02,2.3578e-01,8.5893e-02
4.0406e-02,1.5040e-01,4.3423e-02,1.6016e-01,1.2150e-01,7.2404e-02,3.1750e-02,5.3333e-02,1.9793e-01,1.2870e-01
2.8784e-02,1.3943e-01,6.0801e-02,1.3691e-01,1.0012e-01,7.9400e-02,2.8302e-02,6.8380e-02,2.5424e-01,1.0363e-01
1.8138e-02,1.4937e-01,2.7503e-02,1.3590e-01,1.2636e-01,1.2229e-01,3.3775e-02,4.6203e-02,2.5825e-01,8.2213e-02
3.5165e-02,1.3812e-01,4.0677e-02,1.4607e-01,1.4859e-01,9.7314e-02,1.9347e-02,5.7397e-02,2.1199e-01,1.0533e-01
7.8793e-02,1.2090e-01,4.0627e-02,1.3872e-01,5.8234e-02,8.2663e-02,1.1445e-02,5.4030e-02,2.7476e-01,1.3982e-01
4.9207e-02,1.1420e-01,4.1715e-02,1.4135e-01,7.8005e-02,1.0114e-01,3.2573e-02,8.7378e-02,2.1542e-01,1.3901e-01
2.6258e-02,1.2030e-01,6.3167e-02,1.4819e-01,1.2265e-01,7.0505e-02,1.4202e-02,6.7100e-02,2.5677e-01,1.1085e-01
3.3671e-02,1.9147e-01,2.4916e-02,1.0901e-01,1.4814e-01,7.5560e-02,2.5362e-02,7.3771e-02,2.0607e-01,1.1202e-01
4.7494e-02,1.2616e-01,4.1471e-02,1.2179e-01,6.9326e-02,1.0336e-01,4.3897e-02,5.4930e-02,2.7260e-01,1.1896e-01
4.5345e-02,1.4397e-01,4.7795e-02,1.2542e-01,1.6005e-01,1.0906e-01,2.5730e-03,5.0014e-02,2.1166e-01,1.0412e-01
5.2976e-02,1.7095e-01,2.3480e-02,1.6136e-01,1.0069e-01,8.5490e-02,3.5735e-02,4.9844e-02,2.1970e-01,9.9773e-02
4.8549e-02,1.0910e-01,3.6474e-02,1.6511e-01,1.2954e-01,1.1137e-01,1.8164e-02,4.7744e-02,2.5287e-01,8.1080e-02
4.9554e-02,1.7989e-01,2.5449e-02,1.5781e-01,1.3181e-01,6.4072e-02,1.2466e-02,7.7557e-02,2.0695e-01,9.4439e-02
6.4314e-02,1.0375e-01,3.7261e-02,1.9263e-01,1.4199e-01,8.6059e-02,2.1099e-02,3.4638e-02,1.8723e-01,1.3103e-01
3.4023e-02,1.2464e-01,3.2602e-02,1.2589e-01,8.4242e-02,6.8823e-02,4.1880e-02,1.0082e-01,2.5025e-01,1.3684e-01
2.7858e-02,1.6066e-01,2.6920e-02,1.3211e-01,1.0884e-01,9.4495e-02,1.5153e-02,6.5440e-02,2.5209e-01,1.1644e-01
4.3267e-02,1.8883e-01,2.6029e-02,1.3239e-01,4.8862e-02,9.0179e-02,1.6517e-02,8.8846e-02,2.5883e-01,1.0625e-01
4.2420e-02,1.6188e-01,3.0374e-02,1.2036e-01,9.8348e-02,5.8755e-02,1.7846e-02,6.9082e-02,2.6069e-01,1.4025e-01
3.7790e-02,1.2849e-01,3.3087e-02,1.3572e-01,8.1437e-02,9.5800e-02,4.9413e-02,7.9134e-02,2.1806e-01,1.4106e-01
3.6002e-02,1.7822e-01,3.7098e-02,1.2043e-01,7.7550e-02,9.7984e-02,3.0712e-02,7.6467e-02,2.4450e-01,1.0105e-01
5.8531e-02,1.7272e-01,3.0935e-02,1.3010e-01,1.1428e-01,7.5847e-02,4.1691e-02,6.0587e-02,1.9794e-01,1.1737e-01
3.5479e-02,1.2560e-01,4.9767e-02,1.3332e-01,1.3401e-01,6.7857e-02,1.4019e-02,4.2030e-02,2.7224e-01,1.2568e-01
3.6199e-02,1.6212e-01,3.9402e-02,1.4335e-01,1.1321e-01,9.9779e-02,4.7877e-02,7.0059e-02,2.1170e-01,7.6309e-02
2.9136e-02,1.7441e-01,3.4449e-02,1.3458e-01,8.7623e-02,1.0350e-01,3.0208e-02,4.9559e-02,2.2326e-01,1.3326e-01
3.6882e-02,1.6494e-01,3.7634e-02,1.3642e-01,8.5985e-02,8.5201e-02,4.5354e-02,6.9627e-02,2.2386e-01,1.1409e-01
5.4161e-02,1.2364e-01,6.2682e-02,1.4919e-01,1.1711e-01,7.3493e-02,1.5892e-02,7.3384e-02,2.1715e-01,1.1330e-01
3.5370e-02,1.5605e-01,1.8606e-02,1.3004e-01,1.0796e-01,1.2944e-01,2.2500e-02,3.3934e-02,2.7630e-01,8.9789e-02
4.1373e-02,1.4191e-01,2.4899e-02,1.4268e-01,1.1136e-01,7.2407e-02,1.8132e-02,6.5604e-02,2.4740e-01,1.3424e-01
5.7807e-02,1.7486e-01,1.2591e-02,1.0484e-01,1.0313e-01,1.0478e-01,3.0581e-02,6.8295e-02,2.3317e-01,1.0995e-01
7.0716e-02,1.3329e-01,2.6659e-02,9.0768e-02,1.1326e-01,1.0385e-01,2.1738e-02,7.0609e-02,2.2927e-01,1.3984e-01
3.1817e-02,1.5159e-01,3.6811e-02,1.0554e-01,8.9569e-02,1.0444e-01,2.2691e-02,7.5570e-02,2.4134e-01,1.4062e-01
3.2999e-02,1.5134e-01,1.9179e-02,1.3766e-01,9.4429e-02,1.0266e-01,6.3698e-03,5.5997e-02,2.9439e-01,1.0498e-01
3.3969e-02,1.6153e-01,2.7044e-02,1.8553e-01,7.2117e-02,8.8618e-02,2.6486e-02,6.8528e-02,2.6545e-01,7.0721e-02
3.6079e-02,1.2947e-01,4.1759e-02,1.3196e-01,1.0371e-01,9.5072e-02,2.8482e-02,4.8944e-02,2.5745e-01,1.2707e-01
4.7313e-02,1.2132e-01,4.3403e-02,1.4544e-01,1.2552e-01,8.9043e-02,2.0911e-02,6.1405e-02,2.5897e-01,8.6675e-02
